%YAML:1.0
---
# SubT-MRS RC7 platform (Flash_Light_LegRobot, Smoke_Handheld)
model_type: MEI
camera_name: camera
image_width: 640
image_height: 480
mirror_parameters:
   xi: 1.583106303248484
distortion_parameters:
   k1: -0.059098218173967695
   k2: 0.1793477408661115
   p1: 0.0016819528105368057
   p2: -0.0005887999624264534
projection_parameters:
   gamma1: 758.3153257832925
   gamma2: 676.6492212772476
   u0: 318.27111164892506
   v0: 239.79816832491474
