%YAML:1.0
---
# Botanic Garden color (RGB) LEFT camera — /dalsa_color/left/image_raw (DALSA C1930).
# Intrinsics from the official repo calib/camera_intrinsics/dalsa_rgb0_down.yaml (960x600).
model_type: PINHOLE
camera_name: camera
image_width: 960
image_height: 600
distortion_parameters:
   k1: -0.060164620903866
   k2: 0.094005180631043
   p1: 0.0
   p2: 0.0
projection_parameters:
   fx: 642.9165664800531
   fy: 641.9171825800378
   cx: 460.1840658156501
   cy: 308.5846449100310
