%YAML:1.0
---
model_type: PINHOLE
camera_name: camera
image_width: 752
image_height: 480
distortion_parameters:
   k1: -2.83683654496e-01
   k2: 7.45128430929e-02
   p1: -1.04738949098e-04
   p2: -3.55590700274e-05
projection_parameters:
   fx: 4.57587426604e+02
   fy: 4.5613442556e+02
   cx: 3.7999944652e+02
   cy: 2.55238185386e+02
