frame_id,timestamp,forward_success,forward_total,ransac_rejected_temporal,stereo_candidates,stereo_success,stereo_gate_depth_rejects,stereo_gate_reproj_rejects,new_features,total_features,extraction_time_ms,matcher_time_ms,total_time_ms
0,1609045331.179118,0,0,0,0,0,0,0,0,0,78.237000,0.000000,78.635000
1,1609045331.279154,0,0,0,0,0,0,0,0,0,51.982000,0.000000,52.040000
2,1609045331.379266,0,0,0,0,0,0,0,0,0,52.228000,0.000000,52.275000
3,1609045331.478927,0,0,0,0,0,0,0,0,0,52.296000,0.000000,52.347000
4,1609045331.578974,0,0,0,0,0,0,0,0,0,50.384000,0.000000,50.431000
5,1609045331.678943,0,0,0,0,0,0,0,0,0,51.158000,0.000000,51.208000
6,1609045331.779002,0,0,0,0,0,0,0,0,0,51.519000,0.000000,51.566000
7,1609045331.879169,0,0,0,0,0,0,0,0,0,50.698000,0.000000,50.741000
8,1609045331.979161,0,0,0,0,0,0,0,0,0,50.860000,0.000000,50.906000
9,1609045332.079226,0,0,0,0,0,0,0,0,0,50.839000,0.000000,50.889000
10,1609045332.179141,0,0,0,0,0,0,0,0,0,50.633000,0.000000,50.682000
11,1609045332.279279,0,0,0,0,0,0,0,0,0,51.429000,0.000000,51.473000
12,1609045332.379237,0,0,0,0,0,0,0,0,0,51.147000,0.000000,51.198000
13,1609045332.479184,0,0,0,0,0,0,0,0,0,50.991000,0.000000,51.033000
14,1609045332.579290,0,0,0,0,0,0,0,0,0,50.074000,0.000000,50.122000
15,1609045332.679308,0,0,0,0,0,0,0,0,0,50.569000,0.000000,50.617000
16,1609045332.779606,0,0,0,0,0,0,0,0,0,50.365000,0.000000,50.410000
17,1609045332.879493,0,0,0,0,0,0,0,0,0,50.403000,0.000000,50.447000
18,1609045332.979358,0,0,0,0,0,0,0,0,0,51.219000,0.000000,51.267000
19,1609045333.079428,0,0,0,0,0,0,0,0,0,50.900000,0.000000,50.949000
20,1609045333.179516,0,0,0,0,0,0,0,0,0,51.467000,0.000000,51.509000
21,1609045333.280792,0,0,0,0,0,0,0,0,0,51.169000,0.000000,51.218000
22,1609045333.380186,0,0,0,0,0,0,0,0,0,50.965000,0.000000,51.016000
23,1609045333.481400,0,0,0,0,0,0,0,0,0,50.260000,0.000000,50.306000
24,1609045333.579841,0,0,0,0,0,0,0,0,0,51.218000,0.000000,51.266000
25,1609045333.679603,0,0,0,0,0,0,0,0,0,51.186000,0.000000,51.232000
26,1609045333.779901,0,0,0,0,0,0,0,0,0,50.485000,0.000000,50.537000
27,1609045333.880465,0,0,0,0,0,0,0,0,0,50.648000,0.000000,50.700000
28,1609045333.980652,0,0,0,0,0,0,0,0,0,51.528000,0.000000,51.579000
29,1609045334.080535,0,0,0,0,0,0,0,0,0,50.963000,0.000000,51.009000
30,1609045334.179692,0,0,0,0,0,0,0,0,0,50.929000,0.000000,50.975000
31,1609045334.280075,0,0,0,0,0,0,0,0,0,50.464000,0.000000,50.509000
32,1609045334.380844,0,0,0,0,0,0,0,0,0,50.615000,0.000000,50.664000
33,1609045334.480002,0,0,0,0,0,0,0,0,0,50.628000,0.000000,50.679000
34,1609045334.580007,0,0,0,0,0,0,0,0,0,50.845000,0.000000,50.895000
35,1609045334.680009,0,0,0,0,0,0,0,0,0,50.241000,0.000000,50.290000
36,1609045334.779920,0,0,0,0,0,0,0,0,0,50.886000,0.000000,50.937000
37,1609045334.880765,0,0,0,0,0,0,0,0,0,50.477000,0.000000,50.527000
38,1609045334.981432,0,0,0,0,0,0,0,0,0,51.031000,0.000000,51.081000
39,1609045335.079976,0,0,0,0,0,0,0,0,0,50.296000,0.000000,50.346000
40,1609045335.181122,0,0,0,0,0,0,0,0,0,50.873000,0.000000,50.923000
41,1609045335.280053,0,0,0,0,0,0,0,0,0,50.752000,0.000000,50.804000
42,1609045335.380057,0,0,0,0,0,0,0,0,0,50.432000,0.000000,50.482000
43,1609045335.480050,0,0,0,0,0,0,0,0,0,51.136000,0.000000,51.185000
44,1609045335.580119,0,0,0,0,0,0,0,0,0,50.569000,0.000000,50.619000
45,1609045335.680179,0,0,0,0,0,0,0,0,0,51.915000,0.000000,51.966000
46,1609045335.780195,0,0,0,0,0,0,0,0,0,50.448000,0.000000,50.498000
47,1609045335.880244,0,0,0,0,0,0,0,0,0,50.555000,0.000000,50.605000
48,1609045335.980287,0,0,0,0,0,0,0,0,0,51.594000,0.000000,51.643000
49,1609045336.080287,0,0,0,0,0,0,0,0,0,50.403000,0.000000,50.455000
50,1609045336.180347,0,0,0,0,0,0,0,0,0,50.804000,0.000000,50.854000
51,1609045336.280384,0,0,0,0,0,0,0,0,0,50.470000,0.000000,50.522000
52,1609045336.380346,0,0,0,0,0,0,0,0,0,50.473000,0.000000,50.525000
53,1609045336.481114,0,0,0,0,0,0,0,0,0,50.612000,0.000000,50.663000
54,1609045336.581484,0,0,0,0,0,0,0,0,0,51.619000,0.000000,51.669000
55,1609045336.681554,0,0,0,0,0,0,0,0,0,51.903000,0.000000,51.963000
56,1609045336.780490,0,0,0,0,0,0,0,0,0,51.195000,0.000000,51.244000
57,1609045336.880534,0,0,0,0,0,0,0,0,0,51.082000,0.000000,51.130000
58,1609045336.980491,0,0,0,0,0,0,0,0,0,50.886000,0.000000,50.933000
59,1609045337.080552,0,0,0,0,0,0,0,0,0,51.526000,0.000000,51.572000
60,1609045337.180586,0,0,0,0,0,0,0,0,0,50.327000,0.000000,50.374000
61,1609045337.280584,0,0,0,0,0,0,0,0,0,50.876000,0.000000,50.923000
62,1609045337.380673,0,0,0,0,0,0,0,0,0,51.405000,0.000000,51.456000
63,1609045337.480870,0,0,0,0,0,0,0,0,0,50.894000,0.000000,50.945000
64,1609045337.580736,0,0,0,0,0,0,0,0,0,50.899000,0.000000,50.951000
65,1609045337.680736,0,0,0,0,0,0,0,0,0,50.332000,0.000000,50.380000
66,1609045337.780752,0,0,0,0,0,0,0,0,0,50.448000,0.000000,50.496000
67,1609045337.880835,0,0,0,0,0,0,0,0,0,50.890000,0.000000,50.941000
68,1609045337.980801,0,0,0,0,0,0,0,0,0,50.711000,0.000000,50.761000
69,1609045338.080864,0,0,0,0,0,0,0,0,0,50.425000,0.000000,50.472000
70,1609045338.180984,0,0,0,0,0,0,0,0,0,50.505000,0.000000,50.551000
71,1609045338.280947,0,0,0,0,0,0,0,0,0,50.697000,0.000000,50.745000
72,1609045338.381076,0,0,0,0,0,0,0,0,0,50.534000,0.000000,50.581000
73,1609045338.481205,0,0,0,0,0,0,0,0,0,50.274000,0.000000,50.320000
74,1609045338.580996,0,0,0,0,0,0,0,0,0,50.776000,0.000000,50.821000
75,1609045338.681104,0,0,0,0,0,0,0,0,0,50.962000,0.000000,51.005000
76,1609045338.781037,0,0,0,0,0,0,0,0,0,50.711000,0.000000,50.756000
77,1609045338.881107,0,0,0,0,0,0,0,0,0,51.083000,0.000000,51.132000
78,1609045338.981135,0,0,0,0,0,0,0,0,0,50.615000,0.000000,50.660000
79,1609045339.082134,0,0,0,0,0,0,0,0,0,51.013000,0.000000,51.059000
80,1609045339.181162,0,0,0,0,0,0,0,0,0,50.453000,0.000000,50.497000
81,1609045339.281871,0,0,0,0,0,0,0,0,0,50.604000,0.000000,50.648000
82,1609045339.381232,0,0,0,0,0,0,0,0,0,51.091000,0.000000,51.135000
83,1609045339.482430,0,0,0,0,0,0,0,0,0,50.950000,0.000000,50.999000
84,1609045339.581271,0,0,0,0,0,0,0,0,0,50.549000,0.000000,50.594000
85,1609045339.681329,0,0,0,0,0,0,0,0,0,51.598000,0.000000,51.647000
86,1609045339.782979,0,0,0,0,0,0,0,0,0,51.077000,0.000000,51.121000
87,1609045339.881435,0,0,0,0,0,0,0,0,0,50.412000,0.000000,50.458000
88,1609045339.981402,0,0,0,0,0,0,0,0,0,50.670000,0.000000,50.715000
89,1609045340.081414,0,0,0,0,0,0,0,0,0,50.729000,0.000000,50.775000
90,1609045340.181456,0,0,0,0,0,0,0,0,0,50.946000,0.000000,50.991000
91,1609045340.281519,0,0,0,0,0,0,0,0,0,50.472000,0.000000,50.533000
92,1609045340.381554,0,0,0,0,0,0,0,0,0,51.469000,0.000000,51.519000
93,1609045340.482454,0,0,0,0,0,0,0,0,0,50.414000,0.000000,50.465000
94,1609045340.581630,0,0,0,0,0,0,0,0,0,50.412000,0.000000,50.459000
95,1609045340.681811,0,0,0,0,0,0,0,0,0,50.913000,0.000000,50.959000
96,1609045340.781650,0,0,0,0,0,0,0,0,0,50.255000,0.000000,50.301000
97,1609045340.881747,0,0,0,0,0,0,0,0,0,51.187000,0.000000,51.234000
98,1609045340.981798,0,0,0,0,0,0,0,0,0,50.710000,0.000000,50.763000
99,1609045341.081805,0,0,0,0,0,0,0,0,0,50.514000,0.000000,50.565000
100,1609045341.181819,0,0,0,0,0,0,0,0,0,50.866000,0.000000,50.912000
101,1609045341.281812,0,0,0,0,0,0,0,0,0,50.745000,0.000000,50.792000
102,1609045341.381960,0,0,0,0,0,0,0,0,0,51.451000,0.000000,51.496000
103,1609045341.481837,0,0,0,0,0,0,0,0,0,50.490000,0.000000,50.541000
104,1609045341.581900,0,0,0,0,0,0,0,0,0,50.749000,0.000000,50.798000
105,1609045341.681945,0,0,0,0,0,0,0,0,0,50.809000,0.000000,50.854000
106,1609045341.781961,0,0,0,0,0,0,0,0,0,50.739000,0.000000,50.783000
107,1609045341.882041,0,0,0,0,0,0,0,0,0,50.845000,0.000000,50.890000
108,1609045341.982020,0,0,0,0,0,0,0,0,0,50.374000,0.000000,50.424000
109,1609045342.082076,0,0,0,0,0,0,0,0,0,51.299000,0.000000,51.349000
110,1609045342.182915,0,0,0,0,0,0,0,0,0,50.376000,0.000000,50.424000
111,1609045342.282278,0,0,0,0,0,0,0,0,0,50.468000,0.000000,50.518000
112,1609045342.382342,0,0,0,0,0,0,0,0,0,50.450000,0.000000,50.497000
113,1609045342.482224,0,0,0,0,0,0,0,0,0,51.045000,0.000000,51.094000
114,1609045342.582168,0,0,0,0,0,0,0,0,0,51.094000,0.000000,51.144000
115,1609045342.682181,0,0,0,0,0,0,0,0,0,50.935000,0.000000,50.985000
116,1609045342.782211,0,0,0,0,0,0,0,0,0,50.458000,0.000000,50.509000
117,1609045342.882377,0,0,0,0,0,0,0,0,0,50.344000,0.000000,50.394000
118,1609045342.982417,0,0,0,0,0,0,0,0,0,50.695000,0.000000,50.745000
119,1609045343.082406,0,0,0,0,0,0,0,0,0,50.801000,0.000000,50.850000
120,1609045343.182363,0,0,0,0,0,0,0,0,0,50.203000,0.000000,50.253000
121,1609045343.282393,0,0,0,0,0,0,0,0,0,50.280000,0.000000,50.330000
122,1609045343.382397,0,0,0,0,0,0,0,0,0,50.393000,0.000000,50.442000
123,1609045343.483612,0,0,0,0,0,0,0,0,0,52.389000,0.000000,52.441000
124,1609045343.582473,0,0,0,0,0,0,0,0,0,50.722000,0.000000,50.771000
125,1609045343.682561,0,0,0,0,0,0,0,0,0,50.148000,0.000000,50.200000
126,1609045343.782565,0,0,0,0,0,0,0,0,0,51.619000,0.000000,51.670000
127,1609045343.882623,0,0,0,0,0,0,0,0,0,50.761000,0.000000,50.812000
128,1609045343.983626,0,0,0,0,0,0,0,0,0,50.113000,0.000000,50.162000
129,1609045344.082624,0,0,0,0,0,0,0,0,0,50.901000,0.000000,50.950000
130,1609045344.182660,0,0,0,0,0,0,0,0,0,50.883000,0.000000,50.932000
131,1609045344.282673,0,0,0,0,0,0,0,0,0,50.757000,0.000000,50.806000
132,1609045344.382715,0,0,0,0,0,0,0,0,0,50.416000,0.000000,50.465000
133,1609045344.482926,0,0,0,0,0,0,0,0,0,50.909000,0.000000,50.958000
134,1609045344.582786,0,0,0,0,0,0,0,0,0,50.478000,0.000000,50.528000
135,1609045344.683011,0,0,0,0,0,0,0,0,0,50.692000,0.000000,50.742000
136,1609045344.782864,0,0,0,0,0,0,0,0,0,50.355000,0.000000,50.404000
137,1609045344.882925,0,0,0,0,0,0,0,0,0,50.662000,0.000000,50.712000
138,1609045344.982843,0,0,0,0,0,0,0,0,0,50.124000,0.000000,50.177000
139,1609045345.082918,0,0,0,0,0,0,0,0,0,51.693000,0.000000,51.744000
140,1609045345.182930,0,0,0,0,0,0,0,0,0,50.296000,0.000000,50.346000
141,1609045345.283163,0,0,0,0,0,0,0,0,0,50.556000,0.000000,50.606000
142,1609045345.382999,0,0,0,0,0,0,0,0,0,50.402000,0.000000,50.452000
143,1609045345.483622,0,0,0,0,0,0,0,0,0,50.964000,0.000000,51.013000
144,1609045345.584856,0,0,0,0,0,0,0,0,0,50.916000,0.000000,50.966000
145,1609045345.683077,0,0,0,0,0,0,0,0,0,51.165000,0.000000,51.219000
146,1609045345.783114,0,0,0,0,0,0,0,0,0,50.295000,0.000000,50.345000
147,1609045345.883174,0,0,0,0,0,0,0,0,0,50.764000,0.000000,50.812000
148,1609045345.983193,0,0,0,0,0,0,0,0,0,50.572000,0.000000,50.626000
149,1609045346.084257,0,0,0,0,0,0,0,0,0,50.828000,0.000000,50.878000
150,1609045346.183329,0,0,0,0,0,0,0,0,0,50.676000,0.000000,50.728000
151,1609045346.285012,0,0,0,0,0,0,0,0,0,51.021000,0.000000,51.070000
152,1609045346.383279,0,0,0,0,0,0,0,0,0,51.034000,0.000000,51.082000
153,1609045346.483335,0,0,0,0,0,0,0,0,0,50.201000,0.000000,50.251000
154,1609045346.583319,0,0,0,0,0,0,0,0,0,51.192000,0.000000,51.242000
155,1609045346.683575,0,0,0,0,0,0,0,0,0,50.157000,0.000000,50.208000
156,1609045346.783390,0,0,0,0,0,0,0,0,0,50.687000,0.000000,50.737000
157,1609045346.883478,0,0,0,0,0,0,0,0,0,50.422000,0.000000,50.473000
158,1609045346.983516,0,0,0,0,0,0,0,0,0,51.216000,0.000000,51.276000
159,1609045347.083629,0,0,0,0,0,0,0,0,0,50.771000,0.000000,50.821000
160,1609045347.183548,0,0,0,0,0,0,0,0,0,51.395000,0.000000,51.442000
161,1609045347.283540,0,0,0,0,0,0,0,0,0,50.782000,0.000000,50.831000
162,1609045347.383661,0,0,0,0,0,0,0,0,0,50.768000,0.000000,50.818000
163,1609045347.483681,0,0,0,0,0,0,0,0,0,50.737000,0.000000,50.786000
164,1609045347.583633,0,0,0,0,0,0,0,0,0,50.827000,0.000000,50.880000
165,1609045347.683833,0,0,0,0,0,0,0,0,0,50.784000,0.000000,50.863000
166,1609045347.783793,0,0,0,0,0,0,0,0,0,50.850000,0.000000,50.900000
167,1609045347.883948,0,0,0,0,0,0,0,0,0,50.563000,0.000000,50.612000
168,1609045347.983720,0,0,0,0,0,0,0,0,0,50.615000,0.000000,50.664000
169,1609045348.083857,0,0,0,0,0,0,0,0,0,51.249000,0.000000,51.300000
170,1609045348.183836,0,0,0,0,0,0,0,0,0,50.273000,0.000000,50.319000
171,1609045348.283957,0,0,0,0,0,0,0,0,0,50.213000,0.000000,50.261000
172,1609045348.384022,0,0,0,0,0,0,0,0,0,50.645000,0.000000,50.698000
173,1609045348.486121,0,0,0,0,0,0,0,0,0,51.149000,0.000000,51.199000
174,1609045348.584006,0,0,0,0,0,0,0,0,0,50.695000,0.000000,50.742000
175,1609045348.687112,0,0,0,0,0,0,0,0,0,50.580000,0.000000,50.630000
176,1609045348.784026,0,0,0,0,0,0,0,0,0,50.949000,0.000000,51.001000
177,1609045348.884101,0,0,0,0,0,0,0,0,0,63.782000,0.000000,63.837000
178,1609045348.984071,0,0,0,0,0,0,0,0,0,51.638000,0.000000,51.691000
179,1609045349.084155,0,0,0,0,0,0,0,0,0,50.547000,0.000000,50.597000
180,1609045349.184181,0,0,0,0,0,0,0,0,0,50.554000,0.000000,50.604000
181,1609045349.284253,0,0,0,0,0,0,0,0,0,50.335000,0.000000,50.386000
182,1609045349.384162,0,0,0,0,0,0,0,0,0,50.634000,0.000000,50.683000
183,1609045349.485532,0,0,0,0,0,0,0,0,0,50.660000,0.000000,50.709000
184,1609045349.584548,0,0,0,0,0,0,0,0,0,51.031000,0.000000,51.081000
185,1609045349.684266,0,0,0,0,0,0,0,0,0,50.718000,0.000000,50.768000
186,1609045349.784362,0,0,0,0,0,0,0,0,0,50.307000,0.000000,50.357000
187,1609045349.884310,0,0,0,0,0,0,0,0,0,50.837000,0.000000,50.888000
188,1609045349.984367,0,0,0,0,0,0,0,0,0,50.470000,0.000000,50.522000
189,1609045350.084520,0,0,0,0,0,0,0,0,0,50.541000,0.000000,50.590000
190,1609045350.184515,0,0,0,0,0,0,0,0,0,50.973000,0.000000,51.023000
191,1609045350.284482,0,0,0,0,0,0,0,0,0,50.792000,0.000000,50.835000
192,1609045350.384436,0,0,0,0,0,0,0,0,0,51.065000,0.000000,51.114000
193,1609045350.484581,0,0,0,0,0,0,0,0,0,50.461000,0.000000,50.506000
194,1609045350.584510,0,0,0,0,0,0,0,0,0,50.679000,0.000000,50.728000
195,1609045350.684601,0,0,0,0,0,0,0,0,0,50.576000,0.000000,50.626000
196,1609045350.784541,0,0,0,0,0,0,0,0,0,50.133000,0.000000,50.181000
197,1609045350.884616,0,0,0,0,0,0,0,0,0,50.180000,0.000000,50.231000
198,1609045350.984792,0,0,0,0,0,0,0,0,0,51.120000,0.000000,51.174000
199,1609045351.084647,0,0,0,0,0,0,0,0,0,50.693000,0.000000,50.743000
200,1609045351.184770,0,0,0,0,0,0,0,0,0,51.705000,0.000000,51.757000
201,1609045351.284723,0,0,0,0,0,0,0,0,0,50.414000,0.000000,50.476000
202,1609045351.384759,0,0,0,0,0,0,0,0,0,50.071000,0.000000,50.123000
203,1609045351.484906,0,0,0,0,0,0,0,0,0,50.753000,0.000000,50.796000
204,1609045351.584790,0,0,0,0,0,0,0,0,0,50.654000,0.000000,50.703000
205,1609045351.684851,0,0,0,0,0,0,0,0,0,50.993000,0.000000,51.040000
206,1609045351.784854,0,0,0,0,0,0,0,0,0,50.793000,0.000000,50.844000
207,1609045351.885142,0,0,0,0,0,0,0,0,0,50.868000,0.000000,50.919000
208,1609045351.984906,0,0,0,0,0,0,0,0,0,50.455000,0.000000,50.506000
209,1609045352.084971,0,0,0,0,0,0,0,0,0,51.428000,0.000000,51.481000
210,1609045352.184966,0,0,0,0,0,0,0,0,0,50.986000,0.000000,51.037000
211,1609045352.284923,0,0,0,0,0,0,0,0,0,50.676000,0.000000,50.726000
212,1609045352.385060,0,0,0,0,0,0,0,0,0,50.567000,0.000000,50.618000
213,1609045352.485578,0,0,0,0,0,0,0,0,0,51.358000,0.000000,51.409000
214,1609045352.585204,0,0,0,0,0,0,0,0,0,50.086000,0.000000,50.136000
215,1609045352.685723,0,0,0,0,0,0,0,0,0,50.305000,0.000000,50.356000
216,1609045352.785423,0,0,0,0,0,0,0,0,0,49.995000,0.000000,50.056000
217,1609045352.885207,0,0,0,0,0,0,0,0,0,50.534000,0.000000,50.586000
218,1609045352.985336,0,0,0,0,0,0,0,0,0,50.597000,0.000000,50.649000
219,1609045353.085241,0,0,0,0,0,0,0,0,0,50.503000,0.000000,50.554000
220,1609045353.186047,0,0,0,0,0,0,0,0,0,50.264000,0.000000,50.314000
221,1609045353.285371,0,0,0,0,0,0,0,0,0,51.176000,0.000000,51.225000
222,1609045353.385381,0,0,0,0,0,0,0,0,0,50.077000,0.000000,50.128000
223,1609045353.487438,0,0,0,0,0,0,0,0,0,51.078000,0.000000,51.131000
224,1609045353.585401,0,0,0,0,0,0,0,0,0,50.127000,0.000000,50.178000
225,1609045353.685457,0,0,0,0,0,0,0,0,0,50.596000,0.000000,50.644000
226,1609045353.785492,0,0,0,0,0,0,0,0,0,49.978000,0.000000,50.025000
227,1609045353.885459,0,0,0,0,0,0,0,0,0,51.326000,0.000000,51.375000
228,1609045353.986430,0,0,0,0,0,0,0,0,0,51.102000,0.000000,51.151000
229,1609045354.086061,0,0,0,0,0,0,0,0,0,51.079000,0.000000,51.126000
230,1609045354.185740,0,0,0,0,0,0,0,0,0,50.585000,0.000000,50.635000
231,1609045354.286147,0,0,0,0,0,0,0,0,0,51.390000,0.000000,51.439000
232,1609045354.385676,0,0,0,0,0,0,0,0,0,50.656000,0.000000,50.703000
233,1609045354.486317,0,0,0,0,0,0,0,0,0,50.740000,0.000000,50.790000
234,1609045354.585778,0,0,0,0,0,0,0,0,0,51.147000,0.000000,51.197000
235,1609045354.686390,0,0,0,0,0,0,0,0,0,50.598000,0.000000,50.642000
236,1609045354.786051,0,0,0,0,0,0,0,0,0,51.534000,0.000000,51.584000
237,1609045354.886342,0,0,0,0,0,0,0,0,0,49.960000,0.000000,50.007000
238,1609045354.986072,0,0,0,0,0,0,0,0,0,50.845000,0.000000,50.894000
239,1609045355.085828,0,0,0,0,0,0,0,0,0,50.338000,0.000000,50.387000
240,1609045355.185848,0,0,0,0,0,0,0,0,0,49.987000,0.000000,50.038000
241,1609045355.285896,0,0,0,0,0,0,0,0,0,50.375000,0.000000,50.421000
242,1609045355.385948,0,0,0,0,0,0,0,0,0,50.303000,0.000000,50.349000
243,1609045355.486027,0,0,0,0,0,0,0,0,0,51.050000,0.000000,51.098000
244,1609045355.585937,0,0,0,0,0,0,0,0,0,50.843000,0.000000,50.886000
245,1609045355.686251,0,0,0,0,0,0,0,0,0,50.208000,0.000000,50.256000
246,1609045355.786278,0,0,0,0,0,0,0,0,0,50.680000,0.000000,50.728000
247,1609045355.887101,0,0,0,0,0,0,0,0,0,50.749000,0.000000,50.797000
248,1609045355.988389,0,0,0,0,0,0,0,0,0,50.695000,0.000000,50.740000
249,1609045356.086218,0,0,0,0,0,0,0,0,0,50.055000,0.000000,50.101000
250,1609045356.186155,0,0,0,0,0,0,0,0,0,50.425000,0.000000,50.472000
251,1609045356.286205,0,0,0,0,0,0,0,0,0,50.460000,0.000000,50.510000
252,1609045356.386285,0,0,0,0,0,0,0,0,0,50.111000,0.000000,50.155000
253,1609045356.486399,0,0,0,0,0,0,0,0,0,50.347000,0.000000,50.398000
254,1609045356.586311,0,0,0,0,0,0,0,0,0,50.595000,0.000000,50.643000
255,1609045356.686482,0,0,0,0,0,0,0,0,0,50.662000,0.000000,50.705000
256,1609045356.786460,0,0,0,0,0,0,0,0,0,50.712000,0.000000,50.761000
257,1609045356.886426,0,0,0,0,0,0,0,0,0,50.466000,0.000000,50.511000
258,1609045356.986403,0,0,0,0,0,0,0,0,0,50.671000,0.000000,50.722000
259,1609045357.086495,0,0,0,0,0,0,0,0,0,49.919000,0.000000,49.963000
260,1609045357.187071,0,0,0,0,0,0,0,0,0,51.172000,0.000000,51.216000
261,1609045357.286544,0,0,0,0,0,0,0,0,0,50.742000,0.000000,50.789000
262,1609045357.386512,0,0,0,0,0,0,0,0,0,51.281000,0.000000,51.332000
263,1609045357.486609,0,0,0,0,0,0,0,0,0,50.537000,0.000000,50.589000
264,1609045357.586677,0,0,0,0,0,0,0,0,0,50.235000,0.000000,50.286000
265,1609045357.686760,0,0,0,0,0,0,0,0,0,50.606000,0.000000,50.655000
266,1609045357.786818,0,0,0,0,0,0,0,0,0,50.143000,0.000000,50.186000
267,1609045357.886737,0,0,0,0,0,0,0,0,0,50.543000,0.000000,50.592000
268,1609045357.986752,0,0,0,0,0,0,0,0,0,50.580000,0.000000,50.625000
269,1609045358.086795,0,0,0,0,0,0,0,0,0,51.131000,0.000000,51.177000
270,1609045358.187172,0,0,0,0,0,0,0,0,0,50.513000,0.000000,50.571000
271,1609045358.286809,0,0,0,0,0,0,0,0,0,50.622000,0.000000,50.671000
272,1609045358.386871,0,0,0,0,0,0,0,0,0,51.062000,0.000000,51.130000
273,1609045358.486879,0,0,0,0,0,0,0,0,0,50.629000,0.000000,50.677000
274,1609045358.586955,0,0,0,0,0,0,0,0,0,50.060000,0.000000,50.105000
275,1609045358.686997,0,0,0,0,0,0,0,0,0,50.483000,0.000000,50.530000
276,1609045358.787085,0,0,0,0,0,0,0,0,0,50.835000,0.000000,50.879000
277,1609045358.887296,0,0,0,0,0,0,0,0,0,50.729000,0.000000,50.774000
278,1609045358.987536,0,0,0,0,0,0,0,0,0,51.036000,0.000000,51.082000
279,1609045359.087146,0,0,0,0,0,0,0,0,0,50.282000,0.000000,50.334000
280,1609045359.187092,0,0,0,0,0,0,0,0,0,50.851000,0.000000,50.893000
281,1609045359.287119,0,0,0,0,0,0,0,0,0,50.317000,0.000000,50.360000
282,1609045359.387124,0,0,0,0,0,0,0,0,0,50.226000,0.000000,50.271000
283,1609045359.487543,0,0,0,0,0,0,0,0,0,51.132000,0.000000,51.176000
284,1609045359.587251,0,0,0,0,0,0,0,0,0,50.183000,0.000000,50.227000
285,1609045359.687219,0,0,0,0,0,0,0,0,0,50.162000,0.000000,50.210000
286,1609045359.787253,0,0,0,0,0,0,0,0,0,50.553000,0.000000,50.596000
287,1609045359.887398,0,0,0,0,0,0,0,0,0,50.115000,0.000000,50.164000
288,1609045359.987449,0,0,0,0,0,0,0,0,0,50.917000,0.000000,50.962000
289,1609045360.087400,0,0,0,0,0,0,0,0,0,50.169000,0.000000,50.213000
290,1609045360.187389,0,0,0,0,0,0,0,0,0,50.581000,0.000000,50.628000
291,1609045360.287448,0,0,0,0,0,0,0,0,0,50.306000,0.000000,50.356000
292,1609045360.387421,0,0,0,0,0,0,0,0,0,50.161000,0.000000,50.208000
293,1609045360.487520,0,0,0,0,0,0,0,0,0,50.494000,0.000000,50.558000
294,1609045360.587688,0,0,0,0,0,0,0,0,0,50.737000,0.000000,50.784000
295,1609045360.687806,0,0,0,0,0,0,0,0,0,51.670000,0.000000,51.721000
296,1609045360.787597,0,0,0,0,0,0,0,0,0,50.389000,0.000000,50.435000
297,1609045360.887842,0,0,0,0,0,0,0,0,0,50.718000,0.000000,50.767000
298,1609045360.987657,0,0,0,0,0,0,0,0,0,50.845000,0.000000,50.906000
299,1609045361.087624,0,0,0,0,0,0,0,0,0,50.120000,0.000000,50.170000
300,1609045361.187677,0,0,0,0,0,0,0,0,0,50.654000,0.000000,50.698000
301,1609045361.287684,0,0,0,0,0,0,0,0,0,50.329000,0.000000,50.379000
302,1609045361.387721,0,0,0,0,0,0,0,0,0,50.184000,0.000000,50.230000
303,1609045361.487726,0,0,0,0,0,0,0,0,0,51.035000,0.000000,51.086000
304,1609045361.587771,0,0,0,0,0,0,0,0,0,50.567000,0.000000,50.619000
305,1609045361.688085,0,0,0,0,0,0,0,0,0,50.521000,0.000000,50.573000
306,1609045361.787907,0,0,0,0,0,0,0,0,0,50.348000,0.000000,50.391000
307,1609045361.887914,0,0,0,0,0,0,0,0,0,51.062000,0.000000,51.112000
308,1609045361.987942,0,0,0,0,0,0,0,0,0,50.165000,0.000000,50.212000
309,1609045362.087955,0,0,0,0,0,0,0,0,0,50.205000,0.000000,50.257000
310,1609045362.188085,0,0,0,0,0,0,0,0,0,50.994000,0.000000,51.039000
311,1609045362.288013,0,0,0,0,0,0,0,0,0,51.753000,0.000000,51.815000
312,1609045362.388072,0,0,0,0,0,0,0,0,0,49.993000,0.000000,50.046000
313,1609045362.488084,0,0,0,0,0,0,0,0,0,50.105000,0.000000,50.156000
314,1609045362.588111,0,0,0,0,0,0,0,0,0,50.189000,0.000000,50.239000
315,1609045362.688250,0,0,0,0,0,0,0,0,0,50.669000,0.000000,50.720000
316,1609045362.788150,0,0,0,0,0,0,0,0,0,50.193000,0.000000,50.245000
317,1609045362.888199,0,0,0,0,0,0,0,0,0,50.675000,0.000000,50.720000
318,1609045362.988282,0,0,0,0,0,0,0,0,0,50.661000,0.000000,50.711000
319,1609045363.088479,0,0,0,0,0,0,0,0,0,51.483000,0.000000,51.533000
320,1609045363.188309,0,0,0,0,0,0,0,0,0,50.227000,0.000000,50.270000
321,1609045363.288375,0,0,0,0,0,0,0,0,0,50.633000,0.000000,50.686000
322,1609045363.388340,0,0,0,0,0,0,0,0,0,50.746000,0.000000,50.796000
323,1609045363.488368,0,0,0,0,0,0,0,0,0,50.114000,0.000000,50.158000
324,1609045363.588430,0,0,0,0,0,0,0,0,0,50.955000,0.000000,51.004000
325,1609045363.688413,0,0,0,0,0,0,0,0,0,51.011000,0.000000,51.062000
326,1609045363.788512,0,0,0,0,0,0,0,0,0,51.983000,0.000000,52.025000
327,1609045363.888463,0,0,0,0,0,0,0,0,0,50.291000,0.000000,50.343000
328,1609045363.988500,0,0,0,0,0,0,0,0,0,50.282000,0.000000,50.329000
329,1609045364.088536,0,0,0,0,0,0,0,0,0,50.091000,0.000000,50.136000
330,1609045364.188588,0,0,0,0,0,0,0,0,0,51.396000,0.000000,51.449000
331,1609045364.288593,0,0,0,0,0,0,0,0,0,50.168000,0.000000,50.218000
332,1609045364.389118,0,0,0,0,0,0,0,0,0,50.216000,0.000000,50.263000
333,1609045364.488691,0,0,0,0,0,0,0,0,0,50.417000,0.000000,50.471000
334,1609045364.588786,0,0,0,0,0,0,0,0,0,50.896000,0.000000,50.940000
335,1609045364.688768,0,0,0,0,0,0,0,0,0,51.108000,0.000000,51.156000
336,1609045364.788771,0,0,0,0,0,0,0,0,0,50.505000,0.000000,50.556000
337,1609045364.888804,0,0,0,0,0,0,0,0,0,50.670000,0.000000,50.722000
338,1609045364.988792,0,0,0,0,0,0,0,0,0,51.600000,0.000000,51.649000
339,1609045365.088878,0,0,0,0,0,0,0,0,0,50.383000,0.000000,50.439000
340,1609045365.188848,0,0,0,0,0,0,0,0,0,51.860000,0.000000,51.910000
341,1609045365.288951,0,0,0,0,0,0,0,0,0,50.739000,0.000000,50.792000
342,1609045365.388953,0,0,0,0,0,0,0,0,0,51.344000,0.000000,51.396000
343,1609045365.488995,0,0,0,0,0,0,0,0,0,50.471000,0.000000,50.521000
344,1609045365.588988,0,0,0,0,0,0,0,0,0,50.272000,0.000000,50.322000
345,1609045365.689000,0,0,0,0,0,0,0,0,0,50.094000,0.000000,50.144000
346,1609045365.789065,0,0,0,0,0,0,0,0,0,50.463000,0.000000,50.512000
347,1609045365.889074,0,0,0,0,0,0,0,0,0,50.583000,0.000000,50.635000
348,1609045365.989117,0,0,0,0,0,0,0,0,0,50.659000,0.000000,50.705000
349,1609045366.089150,0,0,0,0,0,0,0,0,0,50.713000,0.000000,50.762000
350,1609045366.189197,0,0,0,0,0,0,0,0,0,50.778000,0.000000,50.825000
351,1609045366.289176,0,0,0,0,0,0,0,0,0,50.141000,0.000000,50.183000
352,1609045366.389248,0,0,0,0,0,0,0,0,0,51.750000,0.000000,51.799000
353,1609045366.489259,0,0,0,0,0,0,0,0,0,50.524000,0.000000,50.575000
354,1609045366.589292,0,0,0,0,0,0,0,0,0,50.592000,0.000000,50.636000
355,1609045366.689405,0,0,0,0,0,0,0,0,0,50.393000,0.000000,50.442000
356,1609045366.789397,0,0,0,0,0,0,0,0,0,50.978000,0.000000,51.027000
357,1609045366.889484,0,0,0,0,0,0,0,0,0,50.535000,0.000000,50.584000
358,1609045366.989384,0,0,0,0,0,0,0,0,0,50.356000,0.000000,50.406000
359,1609045367.089403,0,0,0,0,0,0,0,0,0,50.230000,0.000000,50.277000
360,1609045367.189429,0,0,0,0,0,0,0,0,0,50.298000,0.000000,50.344000
361,1609045367.289437,0,0,0,0,0,0,0,0,0,50.419000,0.000000,50.466000
362,1609045367.389504,0,0,0,0,0,0,0,0,0,50.690000,0.000000,50.733000
363,1609045367.489527,0,0,0,0,0,0,0,0,0,51.083000,0.000000,51.132000
364,1609045367.589602,0,0,0,0,0,0,0,0,0,50.231000,0.000000,50.281000
365,1609045367.689614,0,0,0,0,0,0,0,0,0,50.981000,0.000000,51.026000
366,1609045367.789740,0,0,0,0,0,0,0,0,0,50.201000,0.000000,50.252000
367,1609045367.889620,0,0,0,0,0,0,0,0,0,50.805000,0.000000,50.865000
368,1609045367.989679,0,0,0,0,0,0,0,0,0,50.374000,0.000000,50.451000
369,1609045368.089764,0,0,0,0,0,0,0,0,0,50.355000,0.000000,50.408000
370,1609045368.189726,0,0,0,0,0,0,0,0,0,50.569000,0.000000,50.613000
371,1609045368.289760,0,0,0,0,0,0,0,0,0,50.026000,0.000000,50.071000
372,1609045368.389751,0,0,0,0,0,0,0,0,0,50.343000,0.000000,50.395000
373,1609045368.489801,0,0,0,0,0,0,0,0,0,50.207000,0.000000,50.256000
374,1609045368.589829,0,0,0,0,0,0,0,0,0,50.283000,0.000000,50.334000
375,1609045368.689857,0,0,0,0,0,0,0,0,0,51.105000,0.000000,51.152000
376,1609045368.789950,0,0,0,0,0,0,0,0,0,50.562000,0.000000,50.609000
377,1609045368.890006,0,0,0,0,0,0,0,0,0,50.664000,0.000000,50.716000
378,1609045368.989941,0,0,0,0,0,0,0,0,0,50.609000,0.000000,50.653000
379,1609045369.089983,0,0,0,0,0,0,0,0,0,50.723000,0.000000,50.772000
380,1609045369.189985,0,0,0,0,0,0,0,0,0,51.016000,0.000000,51.063000
381,1609045369.290018,0,0,0,0,0,0,0,0,0,50.120000,0.000000,50.167000
382,1609045369.390058,0,0,0,0,0,0,0,0,0,50.911000,0.000000,50.960000
383,1609045369.490113,0,0,0,0,0,0,0,0,0,51.695000,0.000000,51.743000
384,1609045369.590131,0,0,0,0,0,0,0,0,0,50.784000,0.000000,50.832000
385,1609045369.690160,0,0,0,0,0,0,0,0,0,50.256000,0.000000,50.303000
386,1609045369.790261,0,0,0,0,0,0,0,0,0,50.652000,0.000000,50.701000
387,1609045369.890277,0,0,0,0,0,0,0,0,0,51.012000,0.000000,51.061000
388,1609045369.990287,0,0,0,0,0,0,0,0,0,50.770000,0.000000,50.821000
389,1609045370.090321,0,0,0,0,0,0,0,0,0,50.387000,0.000000,50.442000
390,1609045370.190302,0,0,0,0,0,0,0,0,0,50.126000,0.000000,50.173000
391,1609045370.290327,0,0,0,0,0,0,0,0,0,50.189000,0.000000,50.236000
392,1609045370.390353,0,0,0,0,0,0,0,0,0,51.220000,0.000000,51.268000
393,1609045370.490374,0,0,0,0,0,0,0,0,0,50.186000,0.000000,50.234000
394,1609045370.590387,0,0,0,0,0,0,0,0,0,50.577000,0.000000,50.627000
395,1609045370.690434,0,0,0,0,0,0,0,0,0,50.867000,0.000000,50.917000
396,1609045370.790485,0,0,0,0,0,0,0,0,0,50.255000,0.000000,50.304000
397,1609045370.890566,0,0,0,0,0,0,0,0,0,50.827000,0.000000,50.875000
398,1609045370.990595,0,0,0,0,0,0,0,0,0,50.556000,0.000000,50.604000
399,1609045371.090601,0,0,0,0,0,0,0,0,0,50.625000,0.000000,50.667000
400,1609045371.190620,0,0,0,0,0,0,0,0,0,50.117000,0.000000,50.160000
401,1609045371.290604,0,0,0,0,0,0,0,0,0,50.563000,0.000000,50.613000
402,1609045371.390644,0,0,0,0,0,0,0,0,0,50.193000,0.000000,50.237000
403,1609045371.490676,0,0,0,0,0,0,0,0,0,50.660000,0.000000,50.705000
404,1609045371.590726,0,0,0,0,0,0,0,0,0,50.722000,0.000000,50.779000
405,1609045371.690724,0,0,0,0,0,0,0,0,0,50.260000,0.000000,50.308000
406,1609045371.790812,0,0,0,0,0,0,0,0,0,50.364000,0.000000,50.408000
407,1609045371.890765,0,0,0,0,0,0,0,0,0,50.133000,0.000000,50.188000
408,1609045371.990847,0,0,0,0,0,0,0,0,0,51.067000,0.000000,51.120000
409,1609045372.090868,0,0,0,0,0,0,0,0,0,50.013000,0.000000,50.064000
410,1609045372.190919,0,0,0,0,0,0,0,0,0,50.692000,0.000000,50.745000
411,1609045372.291060,0,0,0,0,0,0,0,0,0,50.380000,0.000000,50.426000
412,1609045372.390967,0,0,0,0,0,0,0,0,0,50.341000,0.000000,50.391000
413,1609045372.490956,0,0,0,0,0,0,0,0,0,50.148000,0.000000,50.193000
414,1609045372.590983,0,0,0,0,0,0,0,0,0,51.064000,0.000000,51.116000
415,1609045372.691057,0,0,0,0,0,0,0,0,0,50.506000,0.000000,50.562000
416,1609045372.791035,0,0,0,0,0,0,0,0,0,50.734000,0.000000,50.787000
417,1609045372.891068,0,0,0,0,0,0,0,0,0,50.389000,0.000000,50.439000
418,1609045372.991147,0,0,0,0,0,0,0,0,0,51.070000,0.000000,51.121000
419,1609045373.091223,0,0,0,0,0,0,0,0,0,50.587000,0.000000,50.638000
420,1609045373.191198,0,0,0,0,0,0,0,0,0,50.712000,0.000000,50.763000
421,1609045373.291260,0,0,0,0,0,0,0,0,0,50.467000,0.000000,50.520000
422,1609045373.391373,0,0,0,0,0,0,0,0,0,50.557000,0.000000,50.608000
423,1609045373.491335,0,0,0,0,0,0,0,0,0,50.999000,0.000000,51.051000
424,1609045373.591290,0,0,0,0,0,0,0,0,0,51.120000,0.000000,51.171000
425,1609045373.691335,0,0,0,0,0,0,0,0,0,50.443000,0.000000,50.498000
426,1609045373.791354,0,0,0,0,0,0,0,0,0,51.040000,0.000000,51.091000
427,1609045373.891373,0,0,0,0,0,0,0,0,0,51.052000,0.000000,51.106000
428,1609045373.991451,0,0,0,0,0,0,0,0,0,50.480000,0.000000,50.539000
429,1609045374.091482,0,0,0,0,0,0,0,0,0,50.658000,0.000000,50.710000
430,1609045374.191517,0,0,0,0,0,0,0,0,0,50.106000,0.000000,50.171000
431,1609045374.291539,0,0,0,0,0,0,0,0,0,50.169000,0.000000,50.222000
432,1609045374.391712,0,0,0,0,0,0,0,0,0,50.065000,0.000000,50.117000
433,1609045374.491627,0,0,0,0,0,0,0,0,0,50.136000,0.000000,50.188000
434,1609045374.591610,0,0,0,0,0,0,0,0,0,51.792000,0.000000,51.848000
435,1609045374.691633,0,0,0,0,0,0,0,0,0,50.859000,0.000000,50.907000
436,1609045374.791681,0,0,0,0,0,0,0,0,0,50.474000,0.000000,50.527000
437,1609045374.891716,0,0,0,0,0,0,0,0,0,50.691000,0.000000,50.742000
438,1609045374.991774,0,0,0,0,0,0,0,0,0,50.390000,0.000000,50.435000
439,1609045375.091737,0,0,0,0,0,0,0,0,0,50.166000,0.000000,50.212000
440,1609045375.191804,0,0,0,0,0,0,0,0,0,50.665000,0.000000,50.716000
441,1609045375.291838,0,0,0,0,0,0,0,0,0,50.218000,0.000000,50.270000
442,1609045375.391993,0,0,0,0,0,0,0,0,0,50.706000,0.000000,50.757000
443,1609045375.492098,0,0,0,0,0,0,0,0,0,51.123000,0.000000,51.167000
444,1609045375.592173,0,0,0,0,0,0,0,0,0,50.416000,0.000000,50.461000
445,1609045375.691973,0,0,0,0,0,0,0,0,0,50.714000,0.000000,50.758000
446,1609045375.791942,0,0,0,0,0,0,0,0,0,50.564000,0.000000,50.609000
447,1609045375.892021,0,0,0,0,0,0,0,0,0,51.092000,0.000000,51.139000
448,1609045375.992109,0,0,0,0,0,0,0,0,0,51.536000,0.000000,51.586000
449,1609045376.091987,0,0,0,0,0,0,0,0,0,50.466000,0.000000,50.515000
450,1609045376.192084,0,0,0,0,0,0,0,0,0,50.453000,0.000000,50.501000
451,1609045376.292114,0,0,0,0,0,0,0,0,0,50.081000,0.000000,50.131000
452,1609045376.392134,0,0,0,0,0,0,0,0,0,50.657000,0.000000,50.707000
453,1609045376.492225,0,0,0,0,0,0,0,0,0,50.721000,0.000000,50.771000
454,1609045376.592288,0,0,0,0,0,0,0,0,0,50.479000,0.000000,50.530000
455,1609045376.692555,0,0,0,0,0,0,0,0,0,51.217000,0.000000,51.266000
456,1609045376.792380,0,0,0,0,0,0,0,0,0,50.200000,0.000000,50.246000
457,1609045376.892303,0,0,0,0,0,0,0,0,0,51.048000,0.000000,51.094000
458,1609045376.992473,0,0,0,0,0,0,0,0,0,50.568000,0.000000,50.614000
459,1609045377.092337,0,0,0,0,0,0,0,0,0,51.501000,0.000000,51.548000
460,1609045377.192372,0,0,0,0,0,0,0,0,0,50.832000,0.000000,50.879000
461,1609045377.292408,0,0,0,0,0,0,0,0,0,50.683000,0.000000,50.728000
462,1609045377.392491,0,0,0,0,0,0,0,0,0,50.184000,0.000000,50.232000
463,1609045377.492548,0,0,0,0,0,0,0,0,0,50.234000,0.000000,50.281000
464,1609045377.592689,0,0,0,0,0,0,0,0,0,50.618000,0.000000,50.665000
465,1609045377.692677,0,0,0,0,0,0,0,0,0,50.252000,0.000000,50.297000
466,1609045377.792600,0,0,0,0,0,0,0,0,0,50.214000,0.000000,50.261000
467,1609045377.892592,0,0,0,0,0,0,0,0,0,50.321000,0.000000,50.366000
468,1609045377.992650,0,0,0,0,0,0,0,0,0,50.605000,0.000000,50.649000
469,1609045378.092611,0,0,0,0,0,0,0,0,0,50.250000,0.000000,50.300000
470,1609045378.192666,0,0,0,0,0,0,0,0,0,50.998000,0.000000,51.040000
471,1609045378.292723,0,0,0,0,0,0,0,0,0,50.710000,0.000000,50.759000
472,1609045378.392717,0,0,0,0,0,0,0,0,0,50.676000,0.000000,50.721000
473,1609045378.492813,0,0,0,0,0,0,0,0,0,50.698000,0.000000,50.746000
474,1609045378.592885,0,0,0,0,0,0,0,0,0,50.303000,0.000000,50.351000
475,1609045378.693046,0,0,0,0,0,0,0,0,0,50.116000,0.000000,50.161000
476,1609045378.793017,0,0,0,0,0,0,0,0,0,50.788000,0.000000,50.837000
477,1609045378.893154,0,0,0,0,0,0,0,0,0,51.063000,0.000000,51.111000
478,1609045378.992940,0,0,0,0,0,0,0,0,0,50.843000,0.000000,50.894000
479,1609045379.092989,0,0,0,0,0,0,0,0,0,50.447000,0.000000,50.493000
480,1609045379.192997,0,0,0,0,0,0,0,0,0,51.022000,0.000000,51.073000
481,1609045379.293112,0,0,0,0,0,0,0,0,0,50.159000,0.000000,50.202000
482,1609045379.393202,0,0,0,0,0,0,0,0,0,50.950000,0.000000,51.000000
483,1609045379.493189,0,0,0,0,0,0,0,0,0,51.007000,0.000000,51.054000
484,1609045379.593137,0,0,0,0,0,0,0,0,0,50.897000,0.000000,50.944000
485,1609045379.693196,0,0,0,0,0,0,0,0,0,50.151000,0.000000,50.196000
486,1609045379.793160,0,0,0,0,0,0,0,0,0,50.974000,0.000000,51.020000
487,1609045379.893231,0,0,0,0,0,0,0,0,0,50.679000,0.000000,50.731000
488,1609045379.993230,0,0,0,0,0,0,0,0,0,50.739000,0.000000,50.790000
489,1609045380.093320,0,0,0,0,0,0,0,0,0,50.572000,0.000000,50.622000
490,1609045380.193231,0,0,0,0,0,0,0,0,0,51.244000,0.000000,51.294000
491,1609045380.293308,0,0,0,0,0,0,0,0,0,50.202000,0.000000,50.252000
492,1609045380.393311,0,0,0,0,0,0,0,0,0,50.860000,0.000000,50.902000
493,1609045380.493343,0,0,0,0,0,0,0,0,0,50.585000,0.000000,50.635000
494,1609045380.593342,0,0,0,0,0,0,0,0,0,51.720000,0.000000,51.770000
495,1609045380.693406,0,0,0,0,0,0,0,0,0,50.727000,0.000000,50.777000
496,1609045380.793506,0,0,0,0,0,0,0,0,0,51.261000,0.000000,51.311000
497,1609045380.893428,0,0,0,0,0,0,0,0,0,51.146000,0.000000,51.197000
498,1609045380.993510,0,0,0,0,0,0,0,0,0,51.938000,0.000000,51.988000
499,1609045381.093558,0,0,0,0,0,0,0,0,0,50.943000,0.000000,50.991000
500,1609045381.193542,0,0,0,0,0,0,0,0,0,50.317000,0.000000,50.367000
501,1609045381.293577,0,0,0,0,0,0,0,0,0,50.362000,0.000000,50.414000
502,1609045381.393599,0,0,0,0,0,0,0,0,0,50.630000,0.000000,50.681000
503,1609045381.493673,0,0,0,0,0,0,0,0,0,51.049000,0.000000,51.099000
504,1609045381.593657,0,0,0,0,0,0,0,0,0,50.714000,0.000000,50.764000
505,1609045381.693701,0,0,0,0,0,0,0,0,0,50.013000,0.000000,50.066000
506,1609045381.793721,0,0,0,0,0,0,0,0,0,51.158000,0.000000,51.208000
507,1609045381.893837,0,0,0,0,0,0,0,0,0,50.436000,0.000000,50.485000
508,1609045381.993794,0,0,0,0,0,0,0,0,0,50.951000,0.000000,51.001000
509,1609045382.093859,0,0,0,0,0,0,0,0,0,50.193000,0.000000,50.243000
510,1609045382.193879,0,0,0,0,0,0,0,0,0,50.790000,0.000000,50.842000
511,1609045382.293980,0,0,0,0,0,0,0,0,0,51.209000,0.000000,51.261000
512,1609045382.393917,0,0,0,0,0,0,0,0,0,51.141000,0.000000,51.188000
513,1609045382.493988,0,0,0,0,0,0,0,0,0,50.786000,0.000000,50.837000
514,1609045382.593956,0,0,0,0,0,0,0,0,0,51.089000,0.000000,51.141000
515,1609045382.693980,0,0,0,0,0,0,0,0,0,51.435000,0.000000,51.482000
516,1609045382.794029,0,0,0,0,0,0,0,0,0,50.523000,0.000000,50.570000
517,1609045382.894036,0,0,0,0,0,0,0,0,0,50.684000,0.000000,50.736000
518,1609045382.994143,0,0,0,0,0,0,0,0,0,50.265000,0.000000,50.318000
519,1609045383.094149,0,0,0,0,0,0,0,0,0,50.138000,0.000000,50.194000
520,1609045383.194172,0,0,0,0,0,0,0,0,0,50.957000,0.000000,51.009000
521,1609045383.294267,0,0,0,0,0,0,0,0,0,50.774000,0.000000,50.824000
522,1609045383.394233,0,0,0,0,0,0,0,0,0,51.621000,0.000000,51.671000
523,1609045383.495126,0,0,0,0,0,0,0,0,0,51.098000,0.000000,51.142000
524,1609045383.594338,0,0,0,0,0,0,0,0,0,50.181000,0.000000,50.226000
525,1609045383.695096,0,0,0,0,0,0,0,0,0,50.589000,0.000000,50.639000
526,1609045383.794355,0,0,0,0,0,0,0,0,0,50.659000,0.000000,50.710000
527,1609045383.894353,0,0,0,0,0,0,0,0,0,51.607000,0.000000,51.658000
528,1609045383.994373,0,0,0,0,0,0,0,0,0,50.391000,0.000000,50.441000
529,1609045384.094409,0,0,0,0,0,0,0,0,0,50.909000,0.000000,50.960000
530,1609045384.194453,0,0,0,0,0,0,0,0,0,50.211000,0.000000,50.264000
531,1609045384.294465,0,0,0,0,0,0,0,0,0,50.520000,0.000000,50.570000
532,1609045384.395226,0,0,0,0,0,0,0,0,0,50.994000,0.000000,51.045000
533,1609045384.494660,0,0,0,0,0,0,0,0,0,51.008000,0.000000,51.060000
534,1609045384.594573,0,0,0,0,0,0,0,0,0,51.527000,0.000000,51.572000
535,1609045384.694868,0,0,0,0,0,0,0,0,0,51.569000,0.000000,51.620000
536,1609045384.794614,0,0,0,0,0,0,0,0,0,50.704000,0.000000,50.753000
537,1609045384.894614,0,0,0,0,0,0,0,0,0,51.276000,0.000000,51.325000
538,1609045384.994665,0,0,0,0,0,0,0,0,0,51.381000,0.000000,51.430000
539,1609045385.094673,0,0,0,0,0,0,0,0,0,51.154000,0.000000,51.203000
540,1609045385.194692,0,0,0,0,0,0,0,0,0,50.844000,0.000000,50.890000
541,1609045385.294747,0,0,0,0,0,0,0,0,0,51.074000,0.000000,51.123000
542,1609045385.395093,0,0,0,0,0,0,0,0,0,50.622000,0.000000,50.671000
543,1609045385.495219,0,0,0,0,0,0,0,0,0,50.102000,0.000000,50.151000
544,1609045385.594870,0,0,0,0,0,0,0,0,0,50.340000,0.000000,50.391000
545,1609045385.695165,0,0,0,0,0,0,0,0,0,50.774000,0.000000,50.826000
546,1609045385.794922,0,0,0,0,0,0,0,0,0,50.838000,0.000000,50.888000
547,1609045385.895033,0,0,0,0,0,0,0,0,0,50.466000,0.000000,50.515000
548,1609045385.995009,0,0,0,0,0,0,0,0,0,50.704000,0.000000,50.752000
549,1609045386.095038,0,0,0,0,0,0,0,0,0,50.397000,0.000000,50.443000
550,1609045386.195040,0,0,0,0,0,0,0,0,0,50.474000,0.000000,50.521000
551,1609045386.295114,0,0,0,0,0,0,0,0,0,51.055000,0.000000,51.107000
552,1609045386.395199,0,0,0,0,0,0,0,0,0,50.703000,0.000000,50.755000
553,1609045386.495553,0,0,0,0,0,0,0,0,0,51.255000,0.000000,51.308000
554,1609045386.595194,0,0,0,0,0,0,0,0,0,50.563000,0.000000,50.613000
555,1609045386.695239,0,0,0,0,0,0,0,0,0,50.390000,0.000000,50.439000
556,1609045386.795267,0,0,0,0,0,0,0,0,0,50.019000,0.000000,50.069000
557,1609045386.895279,0,0,0,0,0,0,0,0,0,50.941000,0.000000,50.994000
558,1609045386.995616,0,0,0,0,0,0,0,0,0,51.044000,0.000000,51.092000
559,1609045387.095287,0,0,0,0,0,0,0,0,0,51.013000,0.000000,51.064000
560,1609045387.195289,0,0,0,0,0,0,0,0,0,50.898000,0.000000,50.941000
561,1609045387.295497,0,0,0,0,0,0,0,0,0,50.561000,0.000000,50.607000
562,1609045387.395413,0,0,0,0,0,0,0,0,0,51.021000,0.000000,51.069000
563,1609045387.495360,0,0,0,0,0,0,0,0,0,50.131000,0.000000,50.178000
564,1609045387.595426,0,0,0,0,0,0,0,0,0,50.486000,0.000000,50.535000
565,1609045387.695525,0,0,0,0,0,0,0,0,0,51.413000,0.000000,51.462000
566,1609045387.795539,0,0,0,0,0,0,0,0,0,50.498000,0.000000,50.547000
567,1609045387.895523,0,0,0,0,0,0,0,0,0,51.247000,0.000000,51.295000
568,1609045387.995526,0,0,0,0,0,0,0,0,0,50.633000,0.000000,50.679000
569,1609045388.095547,0,0,0,0,0,0,0,0,0,50.751000,0.000000,50.797000
570,1609045388.195611,0,0,0,0,0,0,0,0,0,50.514000,0.000000,50.558000
571,1609045388.295632,0,0,0,0,0,0,0,0,0,50.069000,0.000000,50.114000
572,1609045388.395618,0,0,0,0,0,0,0,0,0,50.215000,0.000000,50.263000
573,1609045388.495766,0,0,0,0,0,0,0,0,0,50.859000,0.000000,50.910000
574,1609045388.595797,0,0,0,0,0,0,0,0,0,50.342000,0.000000,50.389000
575,1609045388.695822,0,0,0,0,0,0,0,0,0,50.588000,0.000000,50.638000
576,1609045388.795843,0,0,0,0,0,0,0,0,0,50.325000,0.000000,50.376000
