%YAML:1.0
---
model_type: PINHOLE
camera_name: camera
image_width: 752
image_height: 480
distortion_parameters:
   k1: -2.8340811217e-01
   k2: 7.39590738929e-02
   p1: 1.93595028569e-04
   p2: 1.76187114545e-05
projection_parameters:
   fx: 4.58654880721e+02
   fy: 4.57296696463e+02
   cx: 3.67215803962e+02
   cy: 2.4837534061e+02
