frame_id,timestamp,forward_success,forward_total,ransac_rejected_temporal,stereo_candidates,stereo_success,stereo_gate_depth_rejects,stereo_gate_reproj_rejects,new_features,total_features,extraction_time_ms,matcher_time_ms,total_time_ms
0,1609043643.393790,0,0,0,0,0,0,0,0,0,73.889000,0.000000,74.269000
1,1609043643.493873,0,0,0,0,0,0,0,0,0,52.887000,0.000000,52.938000
2,1609043643.593866,0,0,0,0,0,0,0,0,0,52.633000,0.000000,52.682000
3,1609043643.693898,0,0,0,0,0,0,0,0,0,51.702000,0.000000,51.752000
4,1609043643.794048,0,0,0,0,0,0,0,0,0,51.186000,0.000000,51.236000
5,1609043643.893951,0,0,0,0,0,0,0,0,0,50.998000,0.000000,51.047000
6,1609043643.994176,0,0,0,0,0,0,0,0,0,50.692000,0.000000,50.741000
7,1609043644.094033,0,0,0,0,0,0,0,0,0,49.929000,0.000000,49.979000
8,1609043644.194049,0,0,0,0,0,0,0,0,0,51.453000,0.000000,51.503000
9,1609043644.294093,0,0,0,0,0,0,0,0,0,50.080000,0.000000,50.130000
10,1609043644.394217,0,0,0,0,0,0,0,0,0,50.107000,0.000000,50.156000
11,1609043644.494162,0,0,0,0,0,0,0,0,0,51.635000,0.000000,51.684000
12,1609043644.594172,0,0,0,0,0,0,0,0,0,50.326000,0.000000,50.376000
13,1609043644.694203,0,0,0,0,0,0,0,0,0,50.578000,0.000000,50.629000
14,1609043644.794269,0,0,0,0,0,0,0,0,0,50.772000,0.000000,50.822000
15,1609043644.894285,0,0,0,0,0,0,0,0,0,50.046000,0.000000,50.097000
16,1609043644.994296,0,0,0,0,0,0,0,0,0,50.136000,0.000000,50.187000
17,1609043645.094309,0,0,0,0,0,0,0,0,0,50.107000,0.000000,50.158000
18,1609043645.194329,0,0,0,0,0,0,0,0,0,49.872000,0.000000,49.922000
19,1609043645.294371,0,0,0,0,0,0,0,0,0,50.492000,0.000000,50.543000
20,1609043645.394411,0,0,0,0,0,0,0,0,0,50.711000,0.000000,50.761000
21,1609043645.494588,0,0,0,0,0,0,0,0,0,50.293000,0.000000,50.343000
22,1609043645.594550,0,0,0,0,0,0,0,0,0,51.329000,0.000000,51.377000
23,1609043645.694524,0,0,0,0,0,0,0,0,0,50.252000,0.000000,50.306000
24,1609043645.794482,0,0,0,0,0,0,0,0,0,50.466000,0.000000,50.515000
25,1609043645.894531,0,0,0,0,0,0,0,0,0,49.582000,0.000000,49.633000
26,1609043645.994563,0,0,0,0,0,0,0,0,0,50.273000,0.000000,50.324000
27,1609043646.094554,0,0,0,0,0,0,0,0,0,49.972000,0.000000,50.021000
28,1609043646.194639,0,0,0,0,0,0,0,0,0,50.888000,0.000000,50.940000
29,1609043646.294666,0,0,0,0,0,0,0,0,0,50.607000,0.000000,50.658000
30,1609043646.394651,0,0,0,0,0,0,0,0,0,50.564000,0.000000,50.614000
31,1609043646.494746,0,0,0,0,0,0,0,0,0,50.298000,0.000000,50.347000
32,1609043646.594757,0,0,0,0,0,0,0,0,0,50.462000,0.000000,50.512000
33,1609043646.694755,0,0,0,0,0,0,0,0,0,50.210000,0.000000,50.259000
34,1609043646.794805,0,0,0,0,0,0,0,0,0,49.951000,0.000000,50.002000
35,1609043646.894843,0,0,0,0,0,0,0,0,0,50.654000,0.000000,50.704000
36,1609043646.994833,0,0,0,0,0,0,0,0,0,50.518000,0.000000,50.590000
37,1609043647.094880,0,0,0,0,0,0,0,0,0,50.599000,0.000000,50.648000
38,1609043647.194923,0,0,0,0,0,0,0,0,0,50.057000,0.000000,50.110000
39,1609043647.294952,0,0,0,0,0,0,0,0,0,49.908000,0.000000,49.958000
40,1609043647.394960,0,0,0,0,0,0,0,0,0,49.641000,0.000000,49.689000
41,1609043647.495005,0,0,0,0,0,0,0,0,0,50.373000,0.000000,50.423000
42,1609043647.595022,0,0,0,0,0,0,0,0,0,51.206000,0.000000,51.255000
43,1609043647.695061,0,0,0,0,0,0,0,0,0,50.320000,0.000000,50.369000
44,1609043647.795074,0,0,0,0,0,0,0,0,0,50.215000,0.000000,50.262000
45,1609043647.895090,0,0,0,0,0,0,0,0,0,50.313000,0.000000,50.363000
46,1609043647.995162,0,0,0,0,0,0,0,0,0,50.955000,0.000000,51.003000
47,1609043648.095155,0,0,0,0,0,0,0,0,0,50.458000,0.000000,50.510000
48,1609043648.195182,0,0,0,0,0,0,0,0,0,50.678000,0.000000,50.728000
49,1609043648.295317,0,0,0,0,0,0,0,0,0,49.970000,0.000000,50.022000
50,1609043648.395237,0,0,0,0,0,0,0,0,0,50.602000,0.000000,50.653000
51,1609043648.495242,0,0,0,0,0,0,0,0,0,50.093000,0.000000,50.144000
52,1609043648.595314,0,0,0,0,0,0,0,0,0,50.104000,0.000000,50.150000
53,1609043648.695325,0,0,0,0,0,0,0,0,0,49.736000,0.000000,49.788000
54,1609043648.795386,0,0,0,0,0,0,0,0,0,50.831000,0.000000,50.880000
55,1609043648.895385,0,0,0,0,0,0,0,0,0,50.398000,0.000000,50.448000
56,1609043648.995444,0,0,0,0,0,0,0,0,0,50.231000,0.000000,50.278000
57,1609043649.095497,0,0,0,0,0,0,0,0,0,53.457000,0.000000,53.509000
58,1609043649.195518,0,0,0,0,0,0,0,0,0,50.011000,0.000000,50.058000
59,1609043649.295500,0,0,0,0,0,0,0,0,0,50.486000,0.000000,50.540000
60,1609043649.395516,0,0,0,0,0,0,0,0,0,50.632000,0.000000,50.675000
61,1609043649.495597,0,0,0,0,0,0,0,0,0,50.560000,0.000000,50.619000
62,1609043649.595545,0,0,0,0,0,0,0,0,0,51.051000,0.000000,51.101000
63,1609043649.695723,0,0,0,0,0,0,0,0,0,50.345000,0.000000,50.394000
64,1609043649.795706,0,0,0,0,0,0,0,0,0,50.480000,0.000000,50.524000
65,1609043649.895673,0,0,0,0,0,0,0,0,0,50.144000,0.000000,50.197000
66,1609043649.995825,0,0,0,0,0,0,0,0,0,50.655000,0.000000,50.700000
67,1609043650.095753,0,0,0,0,0,0,0,0,0,49.910000,0.000000,49.962000
68,1609043650.195743,0,0,0,0,0,0,0,0,0,50.161000,0.000000,50.210000
69,1609043650.295825,0,0,0,0,0,0,0,0,0,50.013000,0.000000,50.066000
70,1609043650.395795,0,0,0,0,0,0,0,0,0,51.410000,0.000000,51.460000
71,1609043650.495889,0,0,0,0,0,0,0,0,0,50.006000,0.000000,50.053000
72,1609043650.595899,0,0,0,0,0,0,0,0,0,50.830000,0.000000,50.881000
73,1609043650.695945,0,0,0,0,0,0,0,0,0,50.551000,0.000000,50.596000
74,1609043650.795933,0,0,0,0,0,0,0,0,0,50.717000,0.000000,50.767000
75,1609043650.895976,0,0,0,0,0,0,0,0,0,51.030000,0.000000,51.081000
76,1609043650.995984,0,0,0,0,0,0,0,0,0,49.930000,0.000000,49.974000
77,1609043651.096054,0,0,0,0,0,0,0,0,0,50.406000,0.000000,50.458000
78,1609043651.196098,0,0,0,0,0,0,0,0,0,50.038000,0.000000,50.090000
79,1609043651.296087,0,0,0,0,0,0,0,0,0,49.910000,0.000000,49.965000
80,1609043651.396087,0,0,0,0,0,0,0,0,0,50.484000,0.000000,50.537000
81,1609043651.496215,0,0,0,0,0,0,0,0,0,49.988000,0.000000,50.039000
82,1609043651.596177,0,0,0,0,0,0,0,0,0,51.014000,0.000000,51.062000
83,1609043651.696211,0,0,0,0,0,0,0,0,0,50.308000,0.000000,50.358000
84,1609043651.796270,0,0,0,0,0,0,0,0,0,50.549000,0.000000,50.598000
85,1609043651.896247,0,0,0,0,0,0,0,0,0,50.216000,0.000000,50.262000
86,1609043651.996280,0,0,0,0,0,0,0,0,0,50.468000,0.000000,50.516000
87,1609043652.096399,0,0,0,0,0,0,0,0,0,50.271000,0.000000,50.320000
88,1609043652.196502,0,0,0,0,0,0,0,0,0,50.132000,0.000000,50.181000
89,1609043652.296380,0,0,0,0,0,0,0,0,0,50.696000,0.000000,50.753000
90,1609043652.396429,0,0,0,0,0,0,0,0,0,50.332000,0.000000,50.377000
91,1609043652.496429,0,0,0,0,0,0,0,0,0,50.356000,0.000000,50.398000
92,1609043652.596434,0,0,0,0,0,0,0,0,0,50.660000,0.000000,50.708000
93,1609043652.696552,0,0,0,0,0,0,0,0,0,50.012000,0.000000,50.060000
94,1609043652.796594,0,0,0,0,0,0,0,0,0,50.006000,0.000000,50.054000
95,1609043652.896627,0,0,0,0,0,0,0,0,0,50.082000,0.000000,50.127000
96,1609043652.996818,0,0,0,0,0,0,0,0,0,50.104000,0.000000,50.154000
97,1609043653.096590,0,0,0,0,0,0,0,0,0,49.981000,0.000000,50.030000
98,1609043653.196639,0,0,0,0,0,0,0,0,0,49.976000,0.000000,50.021000
99,1609043653.296839,0,0,0,0,0,0,0,0,0,50.196000,0.000000,50.249000
100,1609043653.396682,0,0,0,0,0,0,0,0,0,50.378000,0.000000,50.429000
101,1609043653.496706,0,0,0,0,0,0,0,0,0,49.970000,0.000000,50.022000
102,1609043653.597325,0,0,0,0,0,0,0,0,0,50.869000,0.000000,50.921000
103,1609043653.696933,0,0,0,0,0,0,0,0,0,50.226000,0.000000,50.277000
104,1609043653.799545,0,0,0,0,0,0,0,0,0,49.996000,0.000000,50.041000
105,1609043653.896937,0,0,0,0,0,0,0,0,0,49.923000,0.000000,49.972000
106,1609043653.997017,0,0,0,0,0,0,0,0,0,50.753000,0.000000,50.802000
107,1609043654.097011,0,0,0,0,0,0,0,0,0,50.522000,0.000000,50.572000
108,1609043654.197124,0,0,0,0,0,0,0,0,0,50.694000,0.000000,50.743000
109,1609043654.297210,0,0,0,0,0,0,0,0,0,51.124000,0.000000,51.174000
110,1609043654.397009,0,0,0,0,0,0,0,0,0,50.271000,0.000000,50.321000
111,1609043654.498790,0,0,0,0,0,0,0,0,0,49.668000,0.000000,49.716000
112,1609043654.597884,0,0,0,0,0,0,0,0,0,50.319000,0.000000,50.377000
113,1609043654.697191,0,0,0,0,0,0,0,0,0,50.585000,0.000000,50.636000
114,1609043654.797438,0,0,0,0,0,0,0,0,0,50.251000,0.000000,50.302000
115,1609043654.897208,0,0,0,0,0,0,0,0,0,49.827000,0.000000,49.874000
116,1609043654.997196,0,0,0,0,0,0,0,0,0,49.768000,0.000000,49.818000
117,1609043655.097187,0,0,0,0,0,0,0,0,0,50.009000,0.000000,50.061000
118,1609043655.197892,0,0,0,0,0,0,0,0,0,49.986000,0.000000,50.034000
119,1609043655.297527,0,0,0,0,0,0,0,0,0,50.451000,0.000000,50.500000
120,1609043655.397506,0,0,0,0,0,0,0,0,0,50.406000,0.000000,50.458000
121,1609043655.497313,0,0,0,0,0,0,0,0,0,50.425000,0.000000,50.475000
122,1609043655.597311,0,0,0,0,0,0,0,0,0,50.693000,0.000000,50.740000
123,1609043655.697512,0,0,0,0,0,0,0,0,0,50.182000,0.000000,50.231000
124,1609043655.797643,0,0,0,0,0,0,0,0,0,50.051000,0.000000,50.097000
125,1609043655.897449,0,0,0,0,0,0,0,0,0,49.922000,0.000000,49.970000
126,1609043655.997508,0,0,0,0,0,0,0,0,0,50.444000,0.000000,50.494000
127,1609043656.097761,0,0,0,0,0,0,0,0,0,50.825000,0.000000,50.882000
128,1609043656.197576,0,0,0,0,0,0,0,0,0,49.957000,0.000000,50.008000
129,1609043656.297994,0,0,0,0,0,0,0,0,0,50.370000,0.000000,50.416000
130,1609043656.397765,0,0,0,0,0,0,0,0,0,50.353000,0.000000,50.400000
131,1609043656.497663,0,0,0,0,0,0,0,0,0,49.853000,0.000000,49.899000
132,1609043656.597685,0,0,0,0,0,0,0,0,0,50.355000,0.000000,50.404000
133,1609043656.697722,0,0,0,0,0,0,0,0,0,50.278000,0.000000,50.333000
134,1609043656.797759,0,0,0,0,0,0,0,0,0,49.963000,0.000000,50.013000
135,1609043656.898504,0,0,0,0,0,0,0,0,0,50.123000,0.000000,50.175000
136,1609043656.998009,0,0,0,0,0,0,0,0,0,50.362000,0.000000,50.412000
137,1609043657.098016,0,0,0,0,0,0,0,0,0,49.911000,0.000000,49.962000
138,1609043657.197993,0,0,0,0,0,0,0,0,0,49.861000,0.000000,49.912000
139,1609043657.297849,0,0,0,0,0,0,0,0,0,50.475000,0.000000,50.523000
140,1609043657.397905,0,0,0,0,0,0,0,0,0,50.758000,0.000000,50.806000
141,1609043657.498125,0,0,0,0,0,0,0,0,0,50.516000,0.000000,50.567000
142,1609043657.598229,0,0,0,0,0,0,0,0,0,50.100000,0.000000,50.150000
143,1609043657.698133,0,0,0,0,0,0,0,0,0,50.063000,0.000000,50.112000
144,1609043657.798047,0,0,0,0,0,0,0,0,0,50.454000,0.000000,50.501000
145,1609043657.898030,0,0,0,0,0,0,0,0,0,50.688000,0.000000,50.739000
146,1609043657.998604,0,0,0,0,0,0,0,0,0,50.285000,0.000000,50.344000
147,1609043658.098062,0,0,0,0,0,0,0,0,0,50.249000,0.000000,50.300000
148,1609043658.198116,0,0,0,0,0,0,0,0,0,50.901000,0.000000,50.956000
149,1609043658.298145,0,0,0,0,0,0,0,0,0,50.612000,0.000000,50.664000
150,1609043658.398158,0,0,0,0,0,0,0,0,0,50.046000,0.000000,50.091000
151,1609043658.498235,0,0,0,0,0,0,0,0,0,49.843000,0.000000,49.893000
152,1609043658.598413,0,0,0,0,0,0,0,0,0,49.947000,0.000000,49.996000
153,1609043658.698287,0,0,0,0,0,0,0,0,0,50.369000,0.000000,50.417000
154,1609043658.798332,0,0,0,0,0,0,0,0,0,50.426000,0.000000,50.476000
155,1609043658.898314,0,0,0,0,0,0,0,0,0,49.804000,0.000000,49.852000
156,1609043658.998387,0,0,0,0,0,0,0,0,0,50.165000,0.000000,50.215000
157,1609043659.098393,0,0,0,0,0,0,0,0,0,50.121000,0.000000,50.173000
158,1609043659.198496,0,0,0,0,0,0,0,0,0,49.988000,0.000000,50.036000
159,1609043659.298553,0,0,0,0,0,0,0,0,0,49.807000,0.000000,49.857000
160,1609043659.398541,0,0,0,0,0,0,0,0,0,49.860000,0.000000,49.909000
161,1609043659.498612,0,0,0,0,0,0,0,0,0,49.964000,0.000000,50.011000
162,1609043659.598579,0,0,0,0,0,0,0,0,0,50.134000,0.000000,50.188000
163,1609043659.698588,0,0,0,0,0,0,0,0,0,50.943000,0.000000,50.989000
164,1609043659.798638,0,0,0,0,0,0,0,0,0,50.431000,0.000000,50.477000
165,1609043659.898719,0,0,0,0,0,0,0,0,0,51.148000,0.000000,51.194000
166,1609043659.998843,0,0,0,0,0,0,0,0,0,51.016000,0.000000,51.060000
167,1609043660.099242,0,0,0,0,0,0,0,0,0,49.845000,0.000000,49.890000
168,1609043660.198964,0,0,0,0,0,0,0,0,0,49.720000,0.000000,49.769000
169,1609043660.298800,0,0,0,0,0,0,0,0,0,50.392000,0.000000,50.442000
170,1609043660.398832,0,0,0,0,0,0,0,0,0,50.351000,0.000000,50.398000
171,1609043660.498759,0,0,0,0,0,0,0,0,0,50.052000,0.000000,50.100000
172,1609043660.598946,0,0,0,0,0,0,0,0,0,50.651000,0.000000,50.703000
173,1609043660.698880,0,0,0,0,0,0,0,0,0,50.435000,0.000000,50.486000
174,1609043660.798951,0,0,0,0,0,0,0,0,0,50.428000,0.000000,50.476000
175,1609043660.899269,0,0,0,0,0,0,0,0,0,50.239000,0.000000,50.285000
176,1609043660.999741,0,0,0,0,0,0,0,0,0,50.187000,0.000000,50.238000
177,1609043661.099125,0,0,0,0,0,0,0,0,0,50.307000,0.000000,50.366000
178,1609043661.199189,0,0,0,0,0,0,0,0,0,50.282000,0.000000,50.330000
179,1609043661.299047,0,0,0,0,0,0,0,0,0,50.557000,0.000000,50.606000
180,1609043661.399399,0,0,0,0,0,0,0,0,0,50.635000,0.000000,50.683000
181,1609043661.499208,0,0,0,0,0,0,0,0,0,50.118000,0.000000,50.169000
182,1609043661.599218,0,0,0,0,0,0,0,0,0,50.142000,0.000000,50.191000
183,1609043661.699306,0,0,0,0,0,0,0,0,0,49.955000,0.000000,50.005000
184,1609043661.799261,0,0,0,0,0,0,0,0,0,50.013000,0.000000,50.059000
185,1609043661.899305,0,0,0,0,0,0,0,0,0,50.414000,0.000000,50.462000
186,1609043661.999278,0,0,0,0,0,0,0,0,0,50.532000,0.000000,50.581000
187,1609043662.099316,0,0,0,0,0,0,0,0,0,50.339000,0.000000,50.388000
188,1609043662.199306,0,0,0,0,0,0,0,0,0,50.290000,0.000000,50.355000
189,1609043662.299319,0,0,0,0,0,0,0,0,0,50.298000,0.000000,50.347000
190,1609043662.399468,0,0,0,0,0,0,0,0,0,51.878000,0.000000,51.929000
191,1609043662.499526,0,0,0,0,0,0,0,0,0,51.032000,0.000000,51.082000
192,1609043662.599484,0,0,0,0,0,0,0,0,0,50.705000,0.000000,50.754000
193,1609043662.699540,0,0,0,0,0,0,0,0,0,50.432000,0.000000,50.481000
194,1609043662.799511,0,0,0,0,0,0,0,0,0,50.110000,0.000000,50.157000
195,1609043662.899502,0,0,0,0,0,0,0,0,0,51.052000,0.000000,51.099000
196,1609043662.999485,0,0,0,0,0,0,0,0,0,50.326000,0.000000,50.375000
197,1609043663.099814,0,0,0,0,0,0,0,0,0,50.282000,0.000000,50.331000
198,1609043663.199898,0,0,0,0,0,0,0,0,0,50.832000,0.000000,50.881000
199,1609043663.299636,0,0,0,0,0,0,0,0,0,50.181000,0.000000,50.231000
200,1609043663.399845,0,0,0,0,0,0,0,0,0,49.888000,0.000000,49.941000
201,1609043663.499643,0,0,0,0,0,0,0,0,0,50.506000,0.000000,50.556000
202,1609043663.599677,0,0,0,0,0,0,0,0,0,50.437000,0.000000,50.485000
203,1609043663.699714,0,0,0,0,0,0,0,0,0,49.700000,0.000000,49.749000
204,1609043663.799746,0,0,0,0,0,0,0,0,0,50.376000,0.000000,50.424000
205,1609043663.899801,0,0,0,0,0,0,0,0,0,50.293000,0.000000,50.341000
206,1609043663.999825,0,0,0,0,0,0,0,0,0,50.458000,0.000000,50.504000
207,1609043664.101102,0,0,0,0,0,0,0,0,0,50.400000,0.000000,50.450000
208,1609043664.203442,0,0,0,0,0,0,0,0,0,51.244000,0.000000,51.291000
209,1609043664.300032,0,0,0,0,0,0,0,0,0,50.151000,0.000000,50.198000
210,1609043664.399910,0,0,0,0,0,0,0,0,0,49.962000,0.000000,50.009000
211,1609043664.499976,0,0,0,0,0,0,0,0,0,50.217000,0.000000,50.265000
212,1609043664.600101,0,0,0,0,0,0,0,0,0,49.970000,0.000000,50.018000
213,1609043664.700035,0,0,0,0,0,0,0,0,0,49.902000,0.000000,49.952000
214,1609043664.800188,0,0,0,0,0,0,0,0,0,50.921000,0.000000,50.970000
215,1609043664.901060,0,0,0,0,0,0,0,0,0,50.252000,0.000000,50.300000
216,1609043665.000233,0,0,0,0,0,0,0,0,0,49.909000,0.000000,49.954000
217,1609043665.100183,0,0,0,0,0,0,0,0,0,50.523000,0.000000,50.575000
218,1609043665.200365,0,0,0,0,0,0,0,0,0,49.783000,0.000000,49.832000
219,1609043665.300278,0,0,0,0,0,0,0,0,0,50.424000,0.000000,50.474000
220,1609043665.400310,0,0,0,0,0,0,0,0,0,50.381000,0.000000,50.431000
221,1609043665.500275,0,0,0,0,0,0,0,0,0,49.983000,0.000000,50.032000
222,1609043665.600285,0,0,0,0,0,0,0,0,0,50.280000,0.000000,50.328000
223,1609043665.700460,0,0,0,0,0,0,0,0,0,49.843000,0.000000,49.892000
224,1609043665.800410,0,0,0,0,0,0,0,0,0,50.287000,0.000000,50.336000
225,1609043665.900376,0,0,0,0,0,0,0,0,0,50.494000,0.000000,50.542000
226,1609043666.000402,0,0,0,0,0,0,0,0,0,50.613000,0.000000,50.661000
227,1609043666.100536,0,0,0,0,0,0,0,0,0,50.034000,0.000000,50.082000
228,1609043666.200506,0,0,0,0,0,0,0,0,0,50.566000,0.000000,50.615000
229,1609043666.300648,0,0,0,0,0,0,0,0,0,50.104000,0.000000,50.155000
230,1609043666.400510,0,0,0,0,0,0,0,0,0,49.819000,0.000000,49.869000
231,1609043666.501213,0,0,0,0,0,0,0,0,0,50.396000,0.000000,50.443000
232,1609043666.600565,0,0,0,0,0,0,0,0,0,50.233000,0.000000,50.281000
233,1609043666.700695,0,0,0,0,0,0,0,0,0,50.429000,0.000000,50.480000
234,1609043666.800676,0,0,0,0,0,0,0,0,0,50.473000,0.000000,50.521000
235,1609043666.900634,0,0,0,0,0,0,0,0,0,50.953000,0.000000,51.003000
236,1609043667.000874,0,0,0,0,0,0,0,0,0,50.218000,0.000000,50.267000
237,1609043667.100886,0,0,0,0,0,0,0,0,0,49.760000,0.000000,49.810000
238,1609043667.201020,0,0,0,0,0,0,0,0,0,50.524000,0.000000,50.574000
239,1609043667.300845,0,0,0,0,0,0,0,0,0,50.925000,0.000000,50.972000
240,1609043667.400875,0,0,0,0,0,0,0,0,0,50.104000,0.000000,50.152000
241,1609043667.500834,0,0,0,0,0,0,0,0,0,49.757000,0.000000,49.802000
242,1609043667.600843,0,0,0,0,0,0,0,0,0,50.346000,0.000000,50.393000
243,1609043667.701087,0,0,0,0,0,0,0,0,0,50.268000,0.000000,50.316000
244,1609043667.802927,0,0,0,0,0,0,0,0,0,49.715000,0.000000,49.760000
245,1609043667.901094,0,0,0,0,0,0,0,0,0,50.741000,0.000000,50.786000
246,1609043668.001852,0,0,0,0,0,0,0,0,0,50.416000,0.000000,50.463000
247,1609043668.101126,0,0,0,0,0,0,0,0,0,50.432000,0.000000,50.479000
248,1609043668.201305,0,0,0,0,0,0,0,0,0,49.794000,0.000000,49.844000
249,1609043668.301192,0,0,0,0,0,0,0,0,0,51.254000,0.000000,51.309000
250,1609043668.401531,0,0,0,0,0,0,0,0,0,50.189000,0.000000,50.237000
251,1609043668.501252,0,0,0,0,0,0,0,0,0,49.898000,0.000000,49.947000
252,1609043668.601225,0,0,0,0,0,0,0,0,0,50.712000,0.000000,50.762000
253,1609043668.701752,0,0,0,0,0,0,0,0,0,50.325000,0.000000,50.376000
254,1609043668.802250,0,0,0,0,0,0,0,0,0,50.799000,0.000000,50.849000
255,1609043668.901322,0,0,0,0,0,0,0,0,0,50.394000,0.000000,50.444000
256,1609043669.001341,0,0,0,0,0,0,0,0,0,50.164000,0.000000,50.213000
257,1609043669.101594,0,0,0,0,0,0,0,0,0,49.714000,0.000000,49.766000
258,1609043669.201507,0,0,0,0,0,0,0,0,0,50.891000,0.000000,50.942000
259,1609043669.301407,0,0,0,0,0,0,0,0,0,50.685000,0.000000,50.736000
260,1609043669.401724,0,0,0,0,0,0,0,0,0,49.666000,0.000000,49.716000
261,1609043669.502117,0,0,0,0,0,0,0,0,0,49.807000,0.000000,49.859000
262,1609043669.601884,0,0,0,0,0,0,0,0,0,50.356000,0.000000,50.407000
263,1609043669.701551,0,0,0,0,0,0,0,0,0,49.978000,0.000000,50.027000
264,1609043669.801611,0,0,0,0,0,0,0,0,0,50.415000,0.000000,50.466000
265,1609043669.901514,0,0,0,0,0,0,0,0,0,50.257000,0.000000,50.307000
266,1609043670.001577,0,0,0,0,0,0,0,0,0,50.283000,0.000000,50.334000
267,1609043670.101592,0,0,0,0,0,0,0,0,0,49.812000,0.000000,49.863000
268,1609043670.201699,0,0,0,0,0,0,0,0,0,50.288000,0.000000,50.338000
269,1609043670.301864,0,0,0,0,0,0,0,0,0,49.950000,0.000000,50.000000
270,1609043670.401762,0,0,0,0,0,0,0,0,0,49.734000,0.000000,49.785000
271,1609043670.501749,0,0,0,0,0,0,0,0,0,50.261000,0.000000,50.312000
272,1609043670.602279,0,0,0,0,0,0,0,0,0,50.481000,0.000000,50.530000
273,1609043670.701917,0,0,0,0,0,0,0,0,0,50.069000,0.000000,50.120000
274,1609043670.802510,0,0,0,0,0,0,0,0,0,50.235000,0.000000,50.288000
275,1609043670.901910,0,0,0,0,0,0,0,0,0,50.193000,0.000000,50.241000
276,1609043671.001811,0,0,0,0,0,0,0,0,0,50.517000,0.000000,50.563000
277,1609043671.102145,0,0,0,0,0,0,0,0,0,50.439000,0.000000,50.489000
278,1609043671.202503,0,0,0,0,0,0,0,0,0,50.453000,0.000000,50.505000
279,1609043671.302812,0,0,0,0,0,0,0,0,0,50.218000,0.000000,50.269000
280,1609043671.402352,0,0,0,0,0,0,0,0,0,50.063000,0.000000,50.114000
281,1609043671.502065,0,0,0,0,0,0,0,0,0,49.948000,0.000000,49.998000
282,1609043671.602014,0,0,0,0,0,0,0,0,0,50.274000,0.000000,50.346000
283,1609043671.702326,0,0,0,0,0,0,0,0,0,49.818000,0.000000,49.862000
284,1609043671.802065,0,0,0,0,0,0,0,0,0,49.748000,0.000000,49.799000
285,1609043671.902109,0,0,0,0,0,0,0,0,0,50.474000,0.000000,50.523000
286,1609043672.002189,0,0,0,0,0,0,0,0,0,49.826000,0.000000,49.888000
287,1609043672.102134,0,0,0,0,0,0,0,0,0,50.337000,0.000000,50.388000
288,1609043672.202182,0,0,0,0,0,0,0,0,0,50.310000,0.000000,50.360000
289,1609043672.302262,0,0,0,0,0,0,0,0,0,49.946000,0.000000,49.997000
290,1609043672.403381,0,0,0,0,0,0,0,0,0,50.498000,0.000000,50.548000
291,1609043672.502239,0,0,0,0,0,0,0,0,0,52.436000,0.000000,52.487000
292,1609043672.602301,0,0,0,0,0,0,0,0,0,50.446000,0.000000,50.497000
293,1609043672.702317,0,0,0,0,0,0,0,0,0,49.806000,0.000000,49.857000
294,1609043672.802522,0,0,0,0,0,0,0,0,0,50.600000,0.000000,50.651000
295,1609043672.902669,0,0,0,0,0,0,0,0,0,49.906000,0.000000,49.956000
296,1609043673.002487,0,0,0,0,0,0,0,0,0,50.195000,0.000000,50.245000
297,1609043673.102664,0,0,0,0,0,0,0,0,0,50.849000,0.000000,50.897000
298,1609043673.202538,0,0,0,0,0,0,0,0,0,50.677000,0.000000,50.728000
299,1609043673.302600,0,0,0,0,0,0,0,0,0,50.767000,0.000000,50.819000
300,1609043673.402593,0,0,0,0,0,0,0,0,0,50.458000,0.000000,50.511000
301,1609043673.504841,0,0,0,0,0,0,0,0,0,49.683000,0.000000,49.733000
302,1609043673.602782,0,0,0,0,0,0,0,0,0,49.974000,0.000000,50.021000
303,1609043673.702614,0,0,0,0,0,0,0,0,0,50.261000,0.000000,50.306000
304,1609043673.802621,0,0,0,0,0,0,0,0,0,49.778000,0.000000,49.826000
305,1609043673.902672,0,0,0,0,0,0,0,0,0,51.055000,0.000000,51.106000
306,1609043674.002680,0,0,0,0,0,0,0,0,0,50.714000,0.000000,50.767000
307,1609043674.102870,0,0,0,0,0,0,0,0,0,51.510000,0.000000,51.562000
308,1609043674.202832,0,0,0,0,0,0,0,0,0,49.933000,0.000000,49.988000
309,1609043674.302997,0,0,0,0,0,0,0,0,0,50.433000,0.000000,50.477000
310,1609043674.402949,0,0,0,0,0,0,0,0,0,50.387000,0.000000,50.437000
311,1609043674.502871,0,0,0,0,0,0,0,0,0,49.727000,0.000000,49.778000
312,1609043674.603264,0,0,0,0,0,0,0,0,0,50.271000,0.000000,50.323000
313,1609043674.703428,0,0,0,0,0,0,0,0,0,50.602000,0.000000,50.650000
314,1609043674.803062,0,0,0,0,0,0,0,0,0,49.789000,0.000000,49.839000
315,1609043674.903128,0,0,0,0,0,0,0,0,0,50.211000,0.000000,50.258000
316,1609043675.003165,0,0,0,0,0,0,0,0,0,50.418000,0.000000,50.464000
317,1609043675.104523,0,0,0,0,0,0,0,0,0,49.753000,0.000000,49.795000
318,1609043675.203335,0,0,0,0,0,0,0,0,0,50.014000,0.000000,50.062000
319,1609043675.303532,0,0,0,0,0,0,0,0,0,49.585000,0.000000,49.631000
320,1609043675.403468,0,0,0,0,0,0,0,0,0,50.074000,0.000000,50.124000
321,1609043675.503327,0,0,0,0,0,0,0,0,0,50.202000,0.000000,50.248000
322,1609043675.603208,0,0,0,0,0,0,0,0,0,50.315000,0.000000,50.365000
323,1609043675.703361,0,0,0,0,0,0,0,0,0,50.404000,0.000000,50.451000
324,1609043675.803238,0,0,0,0,0,0,0,0,0,50.870000,0.000000,50.920000
325,1609043675.903267,0,0,0,0,0,0,0,0,0,49.702000,0.000000,49.748000
326,1609043676.003266,0,0,0,0,0,0,0,0,0,50.592000,0.000000,50.645000
327,1609043676.103353,0,0,0,0,0,0,0,0,0,50.284000,0.000000,50.333000
328,1609043676.203326,0,0,0,0,0,0,0,0,0,50.763000,0.000000,50.814000
329,1609043676.303345,0,0,0,0,0,0,0,0,0,50.328000,0.000000,50.379000
330,1609043676.403408,0,0,0,0,0,0,0,0,0,51.190000,0.000000,51.234000
331,1609043676.503409,0,0,0,0,0,0,0,0,0,49.948000,0.000000,50.002000
332,1609043676.603474,0,0,0,0,0,0,0,0,0,50.303000,0.000000,50.348000
333,1609043676.704020,0,0,0,0,0,0,0,0,0,50.032000,0.000000,50.079000
334,1609043676.803630,0,0,0,0,0,0,0,0,0,49.944000,0.000000,49.994000
335,1609043676.903743,0,0,0,0,0,0,0,0,0,50.927000,0.000000,50.970000
336,1609043677.003637,0,0,0,0,0,0,0,0,0,50.017000,0.000000,50.067000
337,1609043677.103648,0,0,0,0,0,0,0,0,0,49.851000,0.000000,49.894000
338,1609043677.203649,0,0,0,0,0,0,0,0,0,51.071000,0.000000,51.120000
339,1609043677.303640,0,0,0,0,0,0,0,0,0,49.946000,0.000000,49.995000
340,1609043677.403671,0,0,0,0,0,0,0,0,0,50.736000,0.000000,50.779000
341,1609043677.503734,0,0,0,0,0,0,0,0,0,49.959000,0.000000,50.006000
342,1609043677.603808,0,0,0,0,0,0,0,0,0,50.406000,0.000000,50.453000
343,1609043677.703760,0,0,0,0,0,0,0,0,0,50.503000,0.000000,50.555000
344,1609043677.803820,0,0,0,0,0,0,0,0,0,50.339000,0.000000,50.388000
345,1609043677.903847,0,0,0,0,0,0,0,0,0,50.656000,0.000000,50.701000
346,1609043678.004442,0,0,0,0,0,0,0,0,0,49.810000,0.000000,49.860000
347,1609043678.103879,0,0,0,0,0,0,0,0,0,50.260000,0.000000,50.307000
348,1609043678.203930,0,0,0,0,0,0,0,0,0,51.452000,0.000000,51.498000
349,1609043678.303962,0,0,0,0,0,0,0,0,0,51.482000,0.000000,51.526000
350,1609043678.404005,0,0,0,0,0,0,0,0,0,51.439000,0.000000,51.483000
351,1609043678.504158,0,0,0,0,0,0,0,0,0,51.138000,0.000000,51.189000
352,1609043678.604091,0,0,0,0,0,0,0,0,0,50.737000,0.000000,50.788000
353,1609043678.704086,0,0,0,0,0,0,0,0,0,50.080000,0.000000,50.124000
354,1609043678.804097,0,0,0,0,0,0,0,0,0,50.867000,0.000000,50.913000
355,1609043678.904142,0,0,0,0,0,0,0,0,0,50.984000,0.000000,51.034000
356,1609043679.004217,0,0,0,0,0,0,0,0,0,51.552000,0.000000,51.600000
357,1609043679.104245,0,0,0,0,0,0,0,0,0,51.557000,0.000000,51.600000
358,1609043679.204210,0,0,0,0,0,0,0,0,0,50.658000,0.000000,50.705000
359,1609043679.304221,0,0,0,0,0,0,0,0,0,51.878000,0.000000,51.928000
360,1609043679.404273,0,0,0,0,0,0,0,0,0,50.986000,0.000000,51.035000
361,1609043679.504347,0,0,0,0,0,0,0,0,0,50.798000,0.000000,50.853000
362,1609043679.604418,0,0,0,0,0,0,0,0,0,51.052000,0.000000,51.095000
363,1609043679.704382,0,0,0,0,0,0,0,0,0,51.697000,0.000000,51.769000
364,1609043679.804440,0,0,0,0,0,0,0,0,0,51.222000,0.000000,51.269000
365,1609043679.904500,0,0,0,0,0,0,0,0,0,52.472000,0.000000,52.518000
366,1609043680.004488,0,0,0,0,0,0,0,0,0,50.893000,0.000000,50.941000
367,1609043680.104552,0,0,0,0,0,0,0,0,0,52.994000,0.000000,53.045000
368,1609043680.204635,0,0,0,0,0,0,0,0,0,52.060000,0.000000,52.107000
369,1609043680.304516,0,0,0,0,0,0,0,0,0,52.103000,0.000000,52.154000
370,1609043680.404825,0,0,0,0,0,0,0,0,0,50.275000,0.000000,50.323000
371,1609043680.504618,0,0,0,0,0,0,0,0,0,50.489000,0.000000,50.538000
372,1609043680.604669,0,0,0,0,0,0,0,0,0,50.604000,0.000000,50.652000
373,1609043680.704660,0,0,0,0,0,0,0,0,0,49.955000,0.000000,50.002000
374,1609043680.804686,0,0,0,0,0,0,0,0,0,50.094000,0.000000,50.136000
375,1609043680.904826,0,0,0,0,0,0,0,0,0,50.002000,0.000000,50.054000
376,1609043681.004814,0,0,0,0,0,0,0,0,0,49.732000,0.000000,49.779000
377,1609043681.104860,0,0,0,0,0,0,0,0,0,50.081000,0.000000,50.132000
378,1609043681.204878,0,0,0,0,0,0,0,0,0,50.673000,0.000000,50.724000
379,1609043681.304908,0,0,0,0,0,0,0,0,0,50.263000,0.000000,50.314000
380,1609043681.404925,0,0,0,0,0,0,0,0,0,50.386000,0.000000,50.437000
381,1609043681.504952,0,0,0,0,0,0,0,0,0,50.299000,0.000000,50.340000
382,1609043681.604907,0,0,0,0,0,0,0,0,0,50.416000,0.000000,50.465000
383,1609043681.704956,0,0,0,0,0,0,0,0,0,49.979000,0.000000,50.029000
384,1609043681.805034,0,0,0,0,0,0,0,0,0,50.506000,0.000000,50.556000
385,1609043681.905019,0,0,0,0,0,0,0,0,0,50.456000,0.000000,50.499000
386,1609043682.005126,0,0,0,0,0,0,0,0,0,50.865000,0.000000,50.912000
387,1609043682.105084,0,0,0,0,0,0,0,0,0,49.860000,0.000000,49.903000
388,1609043682.205127,0,0,0,0,0,0,0,0,0,51.274000,0.000000,51.318000
389,1609043682.305253,0,0,0,0,0,0,0,0,0,49.984000,0.000000,50.026000
390,1609043682.405184,0,0,0,0,0,0,0,0,0,50.230000,0.000000,50.274000
391,1609043682.505236,0,0,0,0,0,0,0,0,0,49.882000,0.000000,49.927000
392,1609043682.605333,0,0,0,0,0,0,0,0,0,50.433000,0.000000,50.478000
393,1609043682.705248,0,0,0,0,0,0,0,0,0,50.576000,0.000000,50.627000
394,1609043682.805391,0,0,0,0,0,0,0,0,0,49.781000,0.000000,49.829000
395,1609043682.905358,0,0,0,0,0,0,0,0,0,50.150000,0.000000,50.196000
396,1609043683.005305,0,0,0,0,0,0,0,0,0,50.076000,0.000000,50.125000
397,1609043683.105449,0,0,0,0,0,0,0,0,0,49.857000,0.000000,49.900000
398,1609043683.205573,0,0,0,0,0,0,0,0,0,50.277000,0.000000,50.326000
399,1609043683.305445,0,0,0,0,0,0,0,0,0,50.569000,0.000000,50.614000
400,1609043683.405450,0,0,0,0,0,0,0,0,0,50.880000,0.000000,50.930000
401,1609043683.505488,0,0,0,0,0,0,0,0,0,50.099000,0.000000,50.144000
402,1609043683.605579,0,0,0,0,0,0,0,0,0,50.568000,0.000000,50.618000
403,1609043683.705712,0,0,0,0,0,0,0,0,0,49.620000,0.000000,49.670000
404,1609043683.809105,0,0,0,0,0,0,0,0,0,50.399000,0.000000,50.449000
405,1609043683.905607,0,0,0,0,0,0,0,0,0,49.885000,0.000000,49.947000
406,1609043684.005827,0,0,0,0,0,0,0,0,0,50.562000,0.000000,50.611000
407,1609043684.105724,0,0,0,0,0,0,0,0,0,49.854000,0.000000,49.905000
408,1609043684.205702,0,0,0,0,0,0,0,0,0,50.314000,0.000000,50.363000
409,1609043684.305733,0,0,0,0,0,0,0,0,0,49.719000,0.000000,49.767000
410,1609043684.406008,0,0,0,0,0,0,0,0,0,50.042000,0.000000,50.091000
411,1609043684.505896,0,0,0,0,0,0,0,0,0,49.980000,0.000000,50.029000
412,1609043684.605865,0,0,0,0,0,0,0,0,0,50.106000,0.000000,50.152000
413,1609043684.706088,0,0,0,0,0,0,0,0,0,50.914000,0.000000,50.961000
414,1609043684.806434,0,0,0,0,0,0,0,0,0,50.046000,0.000000,50.094000
415,1609043684.907479,0,0,0,0,0,0,0,0,0,49.706000,0.000000,49.752000
416,1609043685.005940,0,0,0,0,0,0,0,0,0,50.580000,0.000000,50.628000
417,1609043685.106047,0,0,0,0,0,0,0,0,0,50.483000,0.000000,50.530000
418,1609043685.205969,0,0,0,0,0,0,0,0,0,50.462000,0.000000,50.507000
419,1609043685.306032,0,0,0,0,0,0,0,0,0,50.474000,0.000000,50.522000
420,1609043685.406073,0,0,0,0,0,0,0,0,0,50.675000,0.000000,50.715000
421,1609043685.506141,0,0,0,0,0,0,0,0,0,50.562000,0.000000,50.608000
422,1609043685.606184,0,0,0,0,0,0,0,0,0,49.930000,0.000000,49.975000
423,1609043685.706450,0,0,0,0,0,0,0,0,0,50.374000,0.000000,50.419000
424,1609043685.806208,0,0,0,0,0,0,0,0,0,49.959000,0.000000,50.007000
425,1609043685.906236,0,0,0,0,0,0,0,0,0,51.100000,0.000000,51.144000
426,1609043686.006240,0,0,0,0,0,0,0,0,0,50.425000,0.000000,50.473000
427,1609043686.107481,0,0,0,0,0,0,0,0,0,50.160000,0.000000,50.209000
428,1609043686.206794,0,0,0,0,0,0,0,0,0,50.132000,0.000000,50.176000
429,1609043686.306436,0,0,0,0,0,0,0,0,0,50.114000,0.000000,50.162000
430,1609043686.406429,0,0,0,0,0,0,0,0,0,50.139000,0.000000,50.187000
431,1609043686.507358,0,0,0,0,0,0,0,0,0,50.365000,0.000000,50.412000
432,1609043686.606401,0,0,0,0,0,0,0,0,0,50.711000,0.000000,50.757000
433,1609043686.706988,0,0,0,0,0,0,0,0,0,49.548000,0.000000,49.595000
434,1609043686.806433,0,0,0,0,0,0,0,0,0,50.437000,0.000000,50.478000
435,1609043686.906577,0,0,0,0,0,0,0,0,0,49.834000,0.000000,49.878000
436,1609043687.006789,0,0,0,0,0,0,0,0,0,50.502000,0.000000,50.549000
437,1609043687.106585,0,0,0,0,0,0,0,0,0,50.050000,0.000000,50.097000
438,1609043687.206560,0,0,0,0,0,0,0,0,0,49.820000,0.000000,49.872000
439,1609043687.306606,0,0,0,0,0,0,0,0,0,49.987000,0.000000,50.035000
440,1609043687.406627,0,0,0,0,0,0,0,0,0,50.179000,0.000000,50.224000
441,1609043687.506821,0,0,0,0,0,0,0,0,0,50.668000,0.000000,50.715000
442,1609043687.606786,0,0,0,0,0,0,0,0,0,49.875000,0.000000,49.918000
443,1609043687.706762,0,0,0,0,0,0,0,0,0,50.134000,0.000000,50.182000
444,1609043687.806829,0,0,0,0,0,0,0,0,0,50.472000,0.000000,50.520000
445,1609043687.909062,0,0,0,0,0,0,0,0,0,50.291000,0.000000,50.338000
446,1609043688.006931,0,0,0,0,0,0,0,0,0,49.707000,0.000000,49.756000
447,1609043688.106796,0,0,0,0,0,0,0,0,0,50.491000,0.000000,50.534000
448,1609043688.206837,0,0,0,0,0,0,0,0,0,50.002000,0.000000,50.063000
449,1609043688.306922,0,0,0,0,0,0,0,0,0,50.220000,0.000000,50.266000
450,1609043688.407144,0,0,0,0,0,0,0,0,0,55.305000,0.000000,55.359000
451,1609043688.506946,0,0,0,0,0,0,0,0,0,50.712000,0.000000,50.759000
452,1609043688.607085,0,0,0,0,0,0,0,0,0,49.966000,0.000000,50.013000
453,1609043688.707217,0,0,0,0,0,0,0,0,0,49.894000,0.000000,49.942000
454,1609043688.807598,0,0,0,0,0,0,0,0,0,50.384000,0.000000,50.434000
455,1609043688.907618,0,0,0,0,0,0,0,0,0,51.720000,0.000000,51.767000
456,1609043689.007081,0,0,0,0,0,0,0,0,0,49.984000,0.000000,50.028000
457,1609043689.107158,0,0,0,0,0,0,0,0,0,50.624000,0.000000,50.675000
458,1609043689.208098,0,0,0,0,0,0,0,0,0,50.061000,0.000000,50.110000
459,1609043689.307160,0,0,0,0,0,0,0,0,0,49.967000,0.000000,50.013000
460,1609043689.407212,0,0,0,0,0,0,0,0,0,50.250000,0.000000,50.296000
461,1609043689.507997,0,0,0,0,0,0,0,0,0,49.630000,0.000000,49.676000
462,1609043689.607683,0,0,0,0,0,0,0,0,0,49.895000,0.000000,49.942000
463,1609043689.708017,0,0,0,0,0,0,0,0,0,50.714000,0.000000,50.758000
464,1609043689.807446,0,0,0,0,0,0,0,0,0,50.613000,0.000000,50.661000
465,1609043689.907416,0,0,0,0,0,0,0,0,0,50.532000,0.000000,50.578000
466,1609043690.007542,0,0,0,0,0,0,0,0,0,50.061000,0.000000,50.107000
467,1609043690.107386,0,0,0,0,0,0,0,0,0,50.308000,0.000000,50.357000
468,1609043690.207557,0,0,0,0,0,0,0,0,0,51.090000,0.000000,51.142000
469,1609043690.307881,0,0,0,0,0,0,0,0,0,49.817000,0.000000,49.867000
470,1609043690.407740,0,0,0,0,0,0,0,0,0,51.109000,0.000000,51.157000
471,1609043690.507793,0,0,0,0,0,0,0,0,0,49.834000,0.000000,49.883000
472,1609043690.608132,0,0,0,0,0,0,0,0,0,50.235000,0.000000,50.284000
473,1609043690.707835,0,0,0,0,0,0,0,0,0,50.913000,0.000000,50.966000
474,1609043690.807789,0,0,0,0,0,0,0,0,0,49.927000,0.000000,49.975000
475,1609043690.907630,0,0,0,0,0,0,0,0,0,49.620000,0.000000,49.670000
476,1609043691.007758,0,0,0,0,0,0,0,0,0,49.943000,0.000000,49.991000
477,1609043691.107711,0,0,0,0,0,0,0,0,0,49.752000,0.000000,49.799000
478,1609043691.207713,0,0,0,0,0,0,0,0,0,50.252000,0.000000,50.300000
479,1609043691.307722,0,0,0,0,0,0,0,0,0,50.493000,0.000000,50.544000
480,1609043691.407893,0,0,0,0,0,0,0,0,0,49.881000,0.000000,49.931000
481,1609043691.508112,0,0,0,0,0,0,0,0,0,50.696000,0.000000,50.745000
482,1609043691.607807,0,0,0,0,0,0,0,0,0,52.298000,0.000000,52.346000
483,1609043691.707906,0,0,0,0,0,0,0,0,0,49.645000,0.000000,49.691000
484,1609043691.808064,0,0,0,0,0,0,0,0,0,52.417000,0.000000,52.469000
485,1609043691.908429,0,0,0,0,0,0,0,0,0,49.786000,0.000000,49.834000
486,1609043692.007983,0,0,0,0,0,0,0,0,0,50.284000,0.000000,50.329000
487,1609043692.108034,0,0,0,0,0,0,0,0,0,51.076000,0.000000,51.122000
488,1609043692.208028,0,0,0,0,0,0,0,0,0,51.301000,0.000000,51.348000
489,1609043692.308405,0,0,0,0,0,0,0,0,0,50.855000,0.000000,50.906000
490,1609043692.408073,0,0,0,0,0,0,0,0,0,52.499000,0.000000,52.550000
491,1609043692.508243,0,0,0,0,0,0,0,0,0,50.752000,0.000000,50.803000
492,1609043692.608107,0,0,0,0,0,0,0,0,0,51.949000,0.000000,51.994000
493,1609043692.708167,0,0,0,0,0,0,0,0,0,51.316000,0.000000,51.361000
494,1609043692.808156,0,0,0,0,0,0,0,0,0,51.773000,0.000000,51.820000
495,1609043692.908999,0,0,0,0,0,0,0,0,0,51.533000,0.000000,51.583000
496,1609043693.008270,0,0,0,0,0,0,0,0,0,50.577000,0.000000,50.622000
497,1609043693.108267,0,0,0,0,0,0,0,0,0,50.272000,0.000000,50.315000
498,1609043693.208753,0,0,0,0,0,0,0,0,0,50.346000,0.000000,50.391000
499,1609043693.308329,0,0,0,0,0,0,0,0,0,49.539000,0.000000,49.584000
500,1609043693.408430,0,0,0,0,0,0,0,0,0,51.405000,0.000000,51.451000
501,1609043693.508913,0,0,0,0,0,0,0,0,0,50.331000,0.000000,50.373000
502,1609043693.608467,0,0,0,0,0,0,0,0,0,50.158000,0.000000,50.199000
503,1609043693.708764,0,0,0,0,0,0,0,0,0,50.064000,0.000000,50.107000
504,1609043693.808795,0,0,0,0,0,0,0,0,0,50.601000,0.000000,50.650000
505,1609043693.908500,0,0,0,0,0,0,0,0,0,50.822000,0.000000,50.871000
506,1609043694.008610,0,0,0,0,0,0,0,0,0,51.351000,0.000000,51.398000
507,1609043694.108569,0,0,0,0,0,0,0,0,0,51.998000,0.000000,52.042000
508,1609043694.208609,0,0,0,0,0,0,0,0,0,51.267000,0.000000,51.315000
509,1609043694.308612,0,0,0,0,0,0,0,0,0,51.666000,0.000000,51.710000
510,1609043694.408636,0,0,0,0,0,0,0,0,0,51.261000,0.000000,51.310000
511,1609043694.508673,0,0,0,0,0,0,0,0,0,52.247000,0.000000,52.290000
512,1609043694.608756,0,0,0,0,0,0,0,0,0,50.164000,0.000000,50.208000
513,1609043694.708706,0,0,0,0,0,0,0,0,0,52.362000,0.000000,52.415000
514,1609043694.808800,0,0,0,0,0,0,0,0,0,51.519000,0.000000,51.566000
515,1609043694.908803,0,0,0,0,0,0,0,0,0,51.949000,0.000000,51.997000
516,1609043695.008829,0,0,0,0,0,0,0,0,0,49.971000,0.000000,50.022000
517,1609043695.108881,0,0,0,0,0,0,0,0,0,50.300000,0.000000,50.344000
518,1609043695.208887,0,0,0,0,0,0,0,0,0,51.031000,0.000000,51.073000
519,1609043695.308926,0,0,0,0,0,0,0,0,0,50.168000,0.000000,50.216000
520,1609043695.408965,0,0,0,0,0,0,0,0,0,50.122000,0.000000,50.166000
521,1609043695.508951,0,0,0,0,0,0,0,0,0,50.290000,0.000000,50.338000
522,1609043695.609005,0,0,0,0,0,0,0,0,0,50.528000,0.000000,50.573000
523,1609043695.709046,0,0,0,0,0,0,0,0,0,50.411000,0.000000,50.454000
524,1609043695.809071,0,0,0,0,0,0,0,0,0,50.088000,0.000000,50.135000
525,1609043695.909154,0,0,0,0,0,0,0,0,0,50.199000,0.000000,50.247000
526,1609043696.009122,0,0,0,0,0,0,0,0,0,50.837000,0.000000,50.881000
527,1609043696.109162,0,0,0,0,0,0,0,0,0,50.347000,0.000000,50.389000
528,1609043696.209294,0,0,0,0,0,0,0,0,0,50.639000,0.000000,50.684000
529,1609043696.309288,0,0,0,0,0,0,0,0,0,50.215000,0.000000,50.261000
530,1609043696.409282,0,0,0,0,0,0,0,0,0,50.042000,0.000000,50.087000
531,1609043696.509268,0,0,0,0,0,0,0,0,0,50.155000,0.000000,50.196000
532,1609043696.609291,0,0,0,0,0,0,0,0,0,49.847000,0.000000,49.892000
533,1609043696.709322,0,0,0,0,0,0,0,0,0,49.996000,0.000000,50.037000
534,1609043696.809336,0,0,0,0,0,0,0,0,0,50.596000,0.000000,50.640000
535,1609043696.909371,0,0,0,0,0,0,0,0,0,50.581000,0.000000,50.625000
536,1609043697.009425,0,0,0,0,0,0,0,0,0,50.462000,0.000000,50.509000
537,1609043697.109447,0,0,0,0,0,0,0,0,0,50.359000,0.000000,50.408000
538,1609043697.209450,0,0,0,0,0,0,0,0,0,50.627000,0.000000,50.690000
539,1609043697.309540,0,0,0,0,0,0,0,0,0,49.529000,0.000000,49.578000
540,1609043697.409529,0,0,0,0,0,0,0,0,0,50.410000,0.000000,50.453000
541,1609043697.509621,0,0,0,0,0,0,0,0,0,49.740000,0.000000,49.782000
542,1609043697.609591,0,0,0,0,0,0,0,0,0,50.063000,0.000000,50.113000
543,1609043697.709587,0,0,0,0,0,0,0,0,0,49.722000,0.000000,49.771000
544,1609043697.809654,0,0,0,0,0,0,0,0,0,50.597000,0.000000,50.639000
545,1609043697.909709,0,0,0,0,0,0,0,0,0,50.585000,0.000000,50.634000
546,1609043698.009766,0,0,0,0,0,0,0,0,0,49.923000,0.000000,49.970000
547,1609043698.109782,0,0,0,0,0,0,0,0,0,49.625000,0.000000,49.673000
548,1609043698.209831,0,0,0,0,0,0,0,0,0,50.659000,0.000000,50.709000
549,1609043698.309907,0,0,0,0,0,0,0,0,0,50.166000,0.000000,50.215000
550,1609043698.409895,0,0,0,0,0,0,0,0,0,49.902000,0.000000,49.951000
551,1609043698.509963,0,0,0,0,0,0,0,0,0,50.568000,0.000000,50.616000
552,1609043698.609889,0,0,0,0,0,0,0,0,0,50.282000,0.000000,50.325000
553,1609043698.709924,0,0,0,0,0,0,0,0,0,50.220000,0.000000,50.264000
554,1609043698.809892,0,0,0,0,0,0,0,0,0,50.810000,0.000000,50.858000
555,1609043698.909947,0,0,0,0,0,0,0,0,0,49.536000,0.000000,49.586000
556,1609043699.010005,0,0,0,0,0,0,0,0,0,51.706000,0.000000,51.753000
557,1609043699.110019,0,0,0,0,0,0,0,0,0,50.550000,0.000000,50.603000
558,1609043699.210083,0,0,0,0,0,0,0,0,0,50.441000,0.000000,50.483000
559,1609043699.310076,0,0,0,0,0,0,0,0,0,50.925000,0.000000,50.977000
560,1609043699.410139,0,0,0,0,0,0,0,0,0,50.501000,0.000000,50.544000
561,1609043699.510142,0,0,0,0,0,0,0,0,0,50.204000,0.000000,50.246000
562,1609043699.610218,0,0,0,0,0,0,0,0,0,50.580000,0.000000,50.630000
563,1609043699.710226,0,0,0,0,0,0,0,0,0,49.792000,0.000000,49.840000
564,1609043699.810193,0,0,0,0,0,0,0,0,0,50.117000,0.000000,50.166000
565,1609043699.910229,0,0,0,0,0,0,0,0,0,49.568000,0.000000,49.613000
566,1609043700.010304,0,0,0,0,0,0,0,0,0,50.955000,0.000000,51.018000
567,1609043700.110315,0,0,0,0,0,0,0,0,0,50.529000,0.000000,50.574000
568,1609043700.210357,0,0,0,0,0,0,0,0,0,50.146000,0.000000,50.195000
569,1609043700.310342,0,0,0,0,0,0,0,0,0,50.274000,0.000000,50.323000
570,1609043700.410430,0,0,0,0,0,0,0,0,0,50.142000,0.000000,50.187000
571,1609043700.510428,0,0,0,0,0,0,0,0,0,50.343000,0.000000,50.385000
572,1609043700.610702,0,0,0,0,0,0,0,0,0,50.128000,0.000000,50.175000
573,1609043700.710505,0,0,0,0,0,0,0,0,0,50.107000,0.000000,50.154000
574,1609043700.810499,0,0,0,0,0,0,0,0,0,50.617000,0.000000,50.662000
575,1609043700.910563,0,0,0,0,0,0,0,0,0,50.160000,0.000000,50.205000
576,1609043701.010582,0,0,0,0,0,0,0,0,0,49.968000,0.000000,50.016000
