frame_id,timestamp,forward_success,forward_total,ransac_rejected_temporal,ransac_rejected_stereo,stereo_candidates,stereo_success,stereo_gate_depth_rejects,stereo_gate_reproj_rejects,new_features,total_features,extraction_time_ms,matcher_time_ms,total_time_ms
0,1413394881.555760,0,0,0,0,0,0,0,0,0,0,93.381000,0.000000,93.854000
1,1413394881.605761,0,0,0,0,0,0,0,0,0,0,58.421000,0.000000,58.491000
2,1413394881.655761,0,0,0,0,0,0,0,0,0,0,53.431000,0.000000,53.495000
3,1413394881.705760,0,0,0,0,0,0,0,0,0,0,52.627000,0.000000,52.686000
4,1413394881.755760,0,0,0,0,0,0,0,0,0,0,53.237000,0.000000,53.297000
5,1413394881.805760,0,0,0,0,0,0,0,0,0,0,52.694000,0.000000,52.755000
6,1413394881.855761,0,0,0,0,0,0,0,0,0,0,52.012000,0.000000,52.076000
7,1413394881.905761,0,0,0,0,0,0,0,0,0,0,51.515000,0.000000,51.576000
8,1413394881.955760,0,0,0,0,0,0,0,0,0,0,51.633000,0.000000,51.691000
9,1413394882.005760,0,0,0,0,0,0,0,0,0,0,51.389000,0.000000,51.447000
10,1413394882.055760,0,0,0,0,0,0,0,0,0,0,50.998000,0.000000,51.056000
11,1413394882.105761,0,0,0,0,0,0,0,0,0,0,51.130000,0.000000,51.191000
12,1413394882.155761,0,0,0,0,0,0,0,0,0,0,51.645000,0.000000,51.703000
13,1413394882.205760,0,0,0,0,0,0,0,0,0,0,52.724000,0.000000,52.783000
14,1413394882.255760,0,0,0,0,0,0,0,0,0,0,51.263000,0.000000,51.321000
15,1413394882.305760,0,0,0,0,0,0,0,0,0,0,52.211000,0.000000,52.270000
16,1413394882.355761,0,0,0,0,0,0,0,0,0,0,51.190000,0.000000,51.250000
17,1413394882.405761,0,0,0,0,0,0,0,0,0,0,51.421000,0.000000,51.481000
18,1413394882.455760,0,0,0,0,0,0,0,0,0,0,51.310000,0.000000,51.371000
19,1413394882.505760,0,0,0,0,0,0,0,0,0,0,51.185000,0.000000,51.259000
20,1413394882.555760,0,0,0,0,0,0,0,0,0,0,52.028000,0.000000,52.086000
21,1413394882.605761,0,0,0,0,0,0,0,0,0,0,51.812000,0.000000,51.872000
22,1413394882.655761,0,0,0,0,0,0,0,0,0,0,51.901000,0.000000,51.961000
23,1413394882.705760,0,0,0,0,0,0,0,0,0,0,51.929000,0.000000,51.989000
24,1413394882.755760,0,0,0,0,0,0,0,0,0,0,52.009000,0.000000,52.069000
25,1413394882.805760,0,0,0,0,0,0,0,0,0,0,51.709000,0.000000,51.769000
26,1413394882.855761,0,0,0,0,0,0,0,0,0,0,52.111000,0.000000,52.171000
27,1413394882.905761,0,0,0,0,0,0,0,0,0,0,52.146000,0.000000,52.205000
28,1413394882.955760,0,0,0,0,0,0,0,0,0,0,51.943000,0.000000,52.003000
29,1413394883.005760,0,0,0,0,0,0,0,0,0,0,52.257000,0.000000,52.317000
30,1413394883.055760,0,0,0,0,0,0,0,0,0,0,51.646000,0.000000,51.707000
31,1413394883.105761,0,0,0,0,0,0,0,0,0,0,51.601000,0.000000,51.662000
32,1413394883.155761,0,0,0,0,0,0,0,0,0,0,52.925000,0.000000,52.985000
33,1413394883.205760,0,0,0,0,0,0,0,0,0,0,51.872000,0.000000,51.932000
34,1413394883.255760,0,0,0,0,0,0,0,0,0,0,51.570000,0.000000,51.630000
35,1413394883.305760,0,0,0,0,0,0,0,0,0,0,51.287000,0.000000,51.346000
36,1413394883.355761,0,0,0,0,0,0,0,0,0,0,51.396000,0.000000,51.457000
37,1413394883.405761,0,0,0,0,0,0,0,0,0,0,51.601000,0.000000,51.661000
38,1413394883.455760,0,0,0,0,0,0,0,0,0,0,52.007000,0.000000,52.069000
39,1413394883.505760,0,0,0,0,0,0,0,0,0,0,52.329000,0.000000,52.387000
40,1413394883.555760,0,0,0,0,0,0,0,0,0,0,51.973000,0.000000,52.031000
41,1413394883.605761,0,0,0,0,0,0,0,0,0,0,51.780000,0.000000,51.840000
42,1413394883.655761,0,0,0,0,0,0,0,0,0,0,51.469000,0.000000,51.532000
43,1413394883.705760,0,0,0,0,0,0,0,0,0,0,51.386000,0.000000,51.445000
44,1413394883.755760,0,0,0,0,0,0,0,0,0,0,51.556000,0.000000,51.615000
45,1413394883.805760,0,0,0,0,0,0,0,0,0,0,51.368000,0.000000,51.427000
46,1413394883.855761,0,0,0,0,0,0,0,0,0,0,51.464000,0.000000,51.523000
47,1413394883.905761,0,0,0,0,0,0,0,0,0,0,51.764000,0.000000,51.824000
48,1413394883.955760,0,0,0,0,0,0,0,0,0,0,51.779000,0.000000,51.843000
49,1413394884.005760,0,0,0,0,0,0,0,0,0,0,52.903000,0.000000,52.963000
50,1413394884.055760,0,0,0,0,0,0,0,0,0,0,51.392000,0.000000,51.450000
51,1413394884.105761,0,0,0,0,0,0,0,0,0,0,51.393000,0.000000,51.450000
52,1413394884.155761,0,0,0,0,0,0,0,0,0,0,52.315000,0.000000,52.375000
53,1413394884.205760,0,0,0,0,0,0,0,0,0,0,52.233000,0.000000,52.304000
54,1413394884.255760,0,0,0,0,0,0,0,0,0,0,52.107000,0.000000,52.166000
55,1413394884.305760,0,0,0,0,0,0,0,0,0,0,52.002000,0.000000,52.063000
56,1413394884.355761,0,0,0,0,0,0,0,0,0,0,51.309000,0.000000,51.370000
57,1413394884.405761,0,0,0,0,0,0,0,0,0,0,51.680000,0.000000,51.740000
58,1413394884.455760,0,0,0,0,0,0,0,0,0,0,51.623000,0.000000,51.683000
59,1413394884.505760,0,0,0,0,0,0,0,0,0,0,51.298000,0.000000,51.357000
60,1413394884.555760,0,0,0,0,0,0,0,0,0,0,51.428000,0.000000,51.488000
61,1413394884.605761,0,0,0,0,0,0,0,0,0,0,51.451000,0.000000,51.509000
62,1413394884.655761,0,0,0,0,0,0,0,0,0,0,51.842000,0.000000,51.902000
63,1413394884.705760,0,0,0,0,0,0,0,0,0,0,51.872000,0.000000,51.929000
64,1413394884.755760,0,0,0,0,0,0,0,0,0,0,51.437000,0.000000,51.497000
65,1413394884.805760,0,0,0,0,0,0,0,0,0,0,51.086000,0.000000,51.146000
66,1413394884.855761,0,0,0,0,0,0,0,0,0,0,51.674000,0.000000,51.732000
67,1413394884.905761,0,0,0,0,0,0,0,0,0,0,51.205000,0.000000,51.267000
68,1413394884.955760,0,0,0,0,0,0,0,0,0,0,51.431000,0.000000,51.492000
69,1413394885.005760,0,0,0,0,0,0,0,0,0,0,51.693000,0.000000,51.753000
70,1413394885.055760,0,0,0,0,0,0,0,0,0,0,51.683000,0.000000,51.743000
71,1413394885.105761,0,0,0,0,0,0,0,0,0,0,51.547000,0.000000,51.607000
72,1413394885.155761,0,0,0,0,0,0,0,0,0,0,52.490000,0.000000,52.552000
73,1413394885.205760,0,0,0,0,0,0,0,0,0,0,51.308000,0.000000,51.369000
74,1413394885.255760,0,0,0,0,0,0,0,0,0,0,51.352000,0.000000,51.413000
75,1413394885.305760,0,0,0,0,0,0,0,0,0,0,52.396000,0.000000,52.456000
76,1413394885.355761,0,0,0,0,0,0,0,0,0,0,51.785000,0.000000,51.845000
77,1413394885.405761,0,0,0,0,0,0,0,0,0,0,52.094000,0.000000,52.154000
78,1413394885.455760,0,0,0,0,0,0,0,0,0,0,51.414000,0.000000,51.475000
79,1413394885.505760,0,0,0,0,0,0,0,0,0,0,51.497000,0.000000,51.556000
80,1413394885.555760,0,0,0,0,0,0,0,0,0,0,51.427000,0.000000,51.487000
81,1413394885.605761,0,0,0,0,0,0,0,0,0,0,51.619000,0.000000,51.681000
82,1413394885.655761,0,0,0,0,0,0,0,0,0,0,52.264000,0.000000,52.327000
83,1413394885.705760,0,0,0,0,0,0,0,0,0,0,51.634000,0.000000,51.695000
84,1413394885.755760,0,0,0,0,0,0,0,0,0,0,52.077000,0.000000,52.137000
85,1413394885.805760,0,0,0,0,0,0,0,0,0,0,51.673000,0.000000,51.732000
86,1413394885.855761,0,0,0,0,0,0,0,0,0,0,51.888000,0.000000,51.948000
87,1413394885.905761,0,0,0,0,0,0,0,0,0,0,51.714000,0.000000,51.774000
88,1413394885.955760,0,0,0,0,0,0,0,0,0,0,51.796000,0.000000,51.857000
89,1413394886.005760,0,0,0,0,0,0,0,0,0,0,52.004000,0.000000,52.064000
90,1413394886.055760,0,0,0,0,0,0,0,0,0,0,52.679000,0.000000,52.740000
91,1413394886.105761,0,0,0,0,0,0,0,0,0,0,51.560000,0.000000,51.620000
92,1413394886.155761,0,0,0,0,0,0,0,0,0,0,51.360000,0.000000,51.422000
93,1413394886.205760,0,0,0,0,0,0,0,0,0,0,51.467000,0.000000,51.527000
94,1413394886.255760,0,0,0,0,0,0,0,0,0,0,52.344000,0.000000,52.404000
95,1413394886.305760,0,0,0,0,0,0,0,0,0,0,51.848000,0.000000,51.920000
96,1413394886.355761,0,0,0,0,0,0,0,0,0,0,51.561000,0.000000,51.621000
97,1413394886.405761,0,0,0,0,0,0,0,0,0,0,52.349000,0.000000,52.410000
98,1413394886.455760,0,0,0,0,0,0,0,0,0,0,51.714000,0.000000,51.775000
99,1413394886.505760,0,0,0,0,0,0,0,0,0,0,51.288000,0.000000,51.348000
100,1413394886.555760,0,0,0,0,0,0,0,0,0,0,52.101000,0.000000,52.163000
101,1413394886.605761,0,0,0,0,0,0,0,0,0,0,52.173000,0.000000,52.237000
102,1413394886.655761,0,0,0,0,0,0,0,0,0,0,52.786000,0.000000,52.848000
103,1413394886.705760,0,0,0,0,0,0,0,0,0,0,51.271000,0.000000,51.332000
104,1413394886.755760,0,0,0,0,0,0,0,0,0,0,51.667000,0.000000,51.727000
105,1413394886.805760,0,0,0,0,0,0,0,0,0,0,52.076000,0.000000,52.136000
106,1413394886.855761,0,0,0,0,0,0,0,0,0,0,52.674000,0.000000,52.734000
107,1413394886.905761,0,0,0,0,0,0,0,0,0,0,52.426000,0.000000,52.489000
108,1413394886.955760,0,0,0,0,0,0,0,0,0,0,51.902000,0.000000,51.961000
109,1413394887.005760,0,0,0,0,0,0,0,0,0,0,51.363000,0.000000,51.424000
110,1413394887.055760,0,0,0,0,0,0,0,0,0,0,51.413000,0.000000,51.475000
111,1413394887.105761,0,0,0,0,0,0,0,0,0,0,51.351000,0.000000,51.409000
112,1413394887.155761,0,0,0,0,0,0,0,0,0,0,51.589000,0.000000,51.649000
113,1413394887.205760,0,0,0,0,0,0,0,0,0,0,51.958000,0.000000,52.016000
114,1413394887.255760,0,0,0,0,0,0,0,0,0,0,51.714000,0.000000,51.772000
115,1413394887.305760,0,0,0,0,0,0,0,0,0,0,51.678000,0.000000,51.735000
116,1413394887.355761,0,0,0,0,0,0,0,0,0,0,51.444000,0.000000,51.506000
117,1413394887.405761,0,0,0,0,0,0,0,0,0,0,51.903000,0.000000,51.966000
118,1413394887.455760,0,0,0,0,0,0,0,0,0,0,51.731000,0.000000,51.790000
119,1413394887.505760,0,0,0,0,0,0,0,0,0,0,51.559000,0.000000,51.620000
120,1413394887.555760,0,0,0,0,0,0,0,0,0,0,51.875000,0.000000,51.934000
121,1413394887.605761,0,0,0,0,0,0,0,0,0,0,51.929000,0.000000,51.990000
122,1413394887.655761,0,0,0,0,0,0,0,0,0,0,51.677000,0.000000,51.735000
123,1413394887.705760,0,0,0,0,0,0,0,0,0,0,51.401000,0.000000,51.463000
124,1413394887.755760,0,0,0,0,0,0,0,0,0,0,52.120000,0.000000,52.196000
125,1413394887.805760,0,0,0,0,0,0,0,0,0,0,52.155000,0.000000,52.215000
126,1413394887.855761,0,0,0,0,0,0,0,0,0,0,52.244000,0.000000,52.305000
127,1413394887.905761,0,0,0,0,0,0,0,0,0,0,51.764000,0.000000,51.826000
128,1413394887.955760,0,0,0,0,0,0,0,0,0,0,51.734000,0.000000,51.792000
129,1413394888.005760,0,0,0,0,0,0,0,0,0,0,52.077000,0.000000,52.136000
130,1413394888.055760,0,0,0,0,0,0,0,0,0,0,51.845000,0.000000,51.903000
131,1413394888.105761,0,0,0,0,0,0,0,0,0,0,51.101000,0.000000,51.163000
132,1413394888.155761,0,0,0,0,0,0,0,0,0,0,51.143000,0.000000,51.200000
133,1413394888.205760,0,0,0,0,0,0,0,0,0,0,51.463000,0.000000,51.525000
134,1413394888.255760,0,0,0,0,0,0,0,0,0,0,51.974000,0.000000,52.036000
135,1413394888.305760,0,0,0,0,0,0,0,0,0,0,52.174000,0.000000,52.234000
136,1413394888.355761,0,0,0,0,0,0,0,0,0,0,51.196000,0.000000,51.255000
137,1413394888.405761,0,0,0,0,0,0,0,0,0,0,51.315000,0.000000,51.374000
138,1413394888.455760,0,0,0,0,0,0,0,0,0,0,50.969000,0.000000,51.028000
139,1413394888.505760,0,0,0,0,0,0,0,0,0,0,53.033000,0.000000,53.092000
140,1413394888.555760,0,0,0,0,0,0,0,0,0,0,52.056000,0.000000,52.116000
141,1413394888.605761,0,0,0,0,0,0,0,0,0,0,51.761000,0.000000,51.820000
142,1413394888.655761,0,0,0,0,0,0,0,0,0,0,52.294000,0.000000,52.352000
143,1413394888.705760,0,0,0,0,0,0,0,0,0,0,51.449000,0.000000,51.510000
144,1413394888.755760,0,0,0,0,0,0,0,0,0,0,51.645000,0.000000,51.705000
145,1413394888.805760,0,0,0,0,0,0,0,0,0,0,51.512000,0.000000,51.573000
146,1413394888.855761,0,0,0,0,0,0,0,0,0,0,51.285000,0.000000,51.347000
147,1413394888.905761,0,0,0,0,0,0,0,0,0,0,51.327000,0.000000,51.387000
148,1413394888.955760,0,0,0,0,0,0,0,0,0,0,51.113000,0.000000,51.171000
149,1413394889.005760,0,0,0,0,0,0,0,0,0,0,52.338000,0.000000,52.396000
150,1413394889.055760,0,0,0,0,0,0,0,0,0,0,51.412000,0.000000,51.470000
151,1413394889.105761,0,0,0,0,0,0,0,0,0,0,52.547000,0.000000,52.606000
152,1413394889.155761,0,0,0,0,0,0,0,0,0,0,52.199000,0.000000,52.261000
153,1413394889.205760,0,0,0,0,0,0,0,0,0,0,51.488000,0.000000,51.547000
154,1413394889.255760,0,0,0,0,0,0,0,0,0,0,50.849000,0.000000,50.909000
155,1413394889.305760,0,0,0,0,0,0,0,0,0,0,51.141000,0.000000,51.202000
156,1413394889.355761,0,0,0,0,0,0,0,0,0,0,51.845000,0.000000,51.905000
157,1413394889.405761,0,0,0,0,0,0,0,0,0,0,51.035000,0.000000,51.097000
158,1413394889.455760,0,0,0,0,0,0,0,0,0,0,51.040000,0.000000,51.101000
159,1413394889.505760,0,0,0,0,0,0,0,0,0,0,51.882000,0.000000,51.942000
160,1413394889.555760,0,0,0,0,0,0,0,0,0,0,51.249000,0.000000,51.308000
161,1413394889.605761,0,0,0,0,0,0,0,0,0,0,50.652000,0.000000,50.712000
162,1413394889.655761,0,0,0,0,0,0,0,0,0,0,50.358000,0.000000,50.418000
163,1413394889.705760,0,0,0,0,0,0,0,0,0,0,50.514000,0.000000,50.577000
164,1413394889.755760,0,0,0,0,0,0,0,0,0,0,51.118000,0.000000,51.180000
165,1413394889.805760,0,0,0,0,0,0,0,0,0,0,51.395000,0.000000,51.456000
166,1413394889.855761,0,0,0,0,0,0,0,0,0,0,51.725000,0.000000,51.784000
167,1413394889.905761,0,0,0,0,0,0,0,0,0,0,51.102000,0.000000,51.163000
168,1413394889.955760,0,0,0,0,0,0,0,0,0,0,51.581000,0.000000,51.643000
169,1413394890.005760,0,0,0,0,0,0,0,0,0,0,51.780000,0.000000,51.840000
170,1413394890.055760,0,0,0,0,0,0,0,0,0,0,51.958000,0.000000,52.018000
171,1413394890.105761,0,0,0,0,0,0,0,0,0,0,52.366000,0.000000,52.427000
172,1413394890.155761,0,0,0,0,0,0,0,0,0,0,51.352000,0.000000,51.416000
173,1413394890.205760,0,0,0,0,0,0,0,0,0,0,50.791000,0.000000,50.852000
174,1413394890.255760,0,0,0,0,0,0,0,0,0,0,50.792000,0.000000,50.851000
175,1413394890.305760,0,0,0,0,0,0,0,0,0,0,51.340000,0.000000,51.401000
176,1413394890.355761,0,0,0,0,0,0,0,0,0,0,51.106000,0.000000,51.168000
177,1413394890.405761,0,0,0,0,0,0,0,0,0,0,52.047000,0.000000,52.108000
178,1413394890.455760,0,0,0,0,0,0,0,0,0,0,51.142000,0.000000,51.201000
179,1413394890.505760,0,0,0,0,0,0,0,0,0,0,50.950000,0.000000,51.009000
180,1413394890.555760,0,0,0,0,0,0,0,0,0,0,50.915000,0.000000,50.975000
181,1413394890.605761,0,0,0,0,0,0,0,0,0,0,51.033000,0.000000,51.094000
182,1413394890.655761,0,0,0,0,0,0,0,0,0,0,51.419000,0.000000,51.480000
183,1413394890.705760,0,0,0,0,0,0,0,0,0,0,51.655000,0.000000,51.714000
184,1413394890.755760,0,0,0,0,0,0,0,0,0,0,51.930000,0.000000,51.990000
185,1413394890.805760,0,0,0,0,0,0,0,0,0,0,51.912000,0.000000,51.972000
186,1413394890.855761,0,0,0,0,0,0,0,0,0,0,51.304000,0.000000,51.365000
187,1413394890.905761,0,0,0,0,0,0,0,0,0,0,50.997000,0.000000,51.056000
188,1413394890.955760,0,0,0,0,0,0,0,0,0,0,50.966000,0.000000,51.028000
189,1413394891.005760,0,0,0,0,0,0,0,0,0,0,50.431000,0.000000,50.493000
190,1413394891.055760,0,0,0,0,0,0,0,0,0,0,50.513000,0.000000,50.574000
191,1413394891.105761,0,0,0,0,0,0,0,0,0,0,50.723000,0.000000,50.788000
192,1413394891.155761,0,0,0,0,0,0,0,0,0,0,51.151000,0.000000,51.213000
193,1413394891.205760,0,0,0,0,0,0,0,0,0,0,51.700000,0.000000,51.760000
194,1413394891.255760,0,0,0,0,0,0,0,0,0,0,51.199000,0.000000,51.261000
195,1413394891.305760,0,0,0,0,0,0,0,0,0,0,52.188000,0.000000,52.248000
196,1413394891.355761,0,0,0,0,0,0,0,0,0,0,52.270000,0.000000,52.331000
197,1413394891.405761,0,0,0,0,0,0,0,0,0,0,51.292000,0.000000,51.350000
198,1413394891.455760,0,0,0,0,0,0,0,0,0,0,51.317000,0.000000,51.376000
199,1413394891.505760,0,0,0,0,0,0,0,0,0,0,50.997000,0.000000,51.058000
200,1413394891.555760,0,0,0,0,0,0,0,0,0,0,50.897000,0.000000,50.956000
201,1413394891.605761,0,0,0,0,0,0,0,0,0,0,51.916000,0.000000,51.978000
202,1413394891.655761,0,0,0,0,0,0,0,0,0,0,52.280000,0.000000,52.342000
203,1413394891.705760,0,0,0,0,0,0,0,0,0,0,51.796000,0.000000,51.854000
204,1413394891.755760,0,0,0,0,0,0,0,0,0,0,51.817000,0.000000,51.878000
205,1413394891.805760,0,0,0,0,0,0,0,0,0,0,51.486000,0.000000,51.545000
206,1413394891.855761,0,0,0,0,0,0,0,0,0,0,51.176000,0.000000,51.239000
207,1413394891.905761,0,0,0,0,0,0,0,0,0,0,51.352000,0.000000,51.412000
208,1413394891.955760,0,0,0,0,0,0,0,0,0,0,51.056000,0.000000,51.116000
209,1413394892.005760,0,0,0,0,0,0,0,0,0,0,51.176000,0.000000,51.236000
210,1413394892.055760,0,0,0,0,0,0,0,0,0,0,50.962000,0.000000,51.022000
211,1413394892.105761,0,0,0,0,0,0,0,0,0,0,51.139000,0.000000,51.198000
212,1413394892.155761,0,0,0,0,0,0,0,0,0,0,50.946000,0.000000,51.008000
213,1413394892.205760,0,0,0,0,0,0,0,0,0,0,51.098000,0.000000,51.158000
214,1413394892.255760,0,0,0,0,0,0,0,0,0,0,50.763000,0.000000,50.822000
215,1413394892.305760,0,0,0,0,0,0,0,0,0,0,51.509000,0.000000,51.569000
216,1413394892.355761,0,0,0,0,0,0,0,0,0,0,51.182000,0.000000,51.241000
217,1413394892.405761,0,0,0,0,0,0,0,0,0,0,51.215000,0.000000,51.276000
218,1413394892.455760,0,0,0,0,0,0,0,0,0,0,51.702000,0.000000,51.762000
219,1413394892.505760,0,0,0,0,0,0,0,0,0,0,51.242000,0.000000,51.303000
220,1413394892.555760,0,0,0,0,0,0,0,0,0,0,51.047000,0.000000,51.110000
221,1413394892.605761,0,0,0,0,0,0,0,0,0,0,50.776000,0.000000,50.836000
222,1413394892.655761,0,0,0,0,0,0,0,0,0,0,50.504000,0.000000,50.565000
223,1413394892.705760,0,0,0,0,0,0,0,0,0,0,50.957000,0.000000,51.015000
224,1413394892.755760,0,0,0,0,0,0,0,0,0,0,50.993000,0.000000,51.051000
225,1413394892.805760,0,0,0,0,0,0,0,0,0,0,51.034000,0.000000,51.096000
226,1413394892.855761,0,0,0,0,0,0,0,0,0,0,50.361000,0.000000,50.422000
227,1413394892.905761,0,0,0,0,0,0,0,0,0,0,51.956000,0.000000,52.015000
228,1413394892.955760,0,0,0,0,0,0,0,0,0,0,51.221000,0.000000,51.283000
229,1413394893.005760,0,0,0,0,0,0,0,0,0,0,51.369000,0.000000,51.428000
230,1413394893.055760,0,0,0,0,0,0,0,0,0,0,50.994000,0.000000,51.054000
231,1413394893.105761,0,0,0,0,0,0,0,0,0,0,50.992000,0.000000,51.053000
232,1413394893.155761,0,0,0,0,0,0,0,0,0,0,50.324000,0.000000,50.384000
233,1413394893.205760,0,0,0,0,0,0,0,0,0,0,50.354000,0.000000,50.414000
234,1413394893.255760,0,0,0,0,0,0,0,0,0,0,50.921000,0.000000,50.981000
235,1413394893.305760,0,0,0,0,0,0,0,0,0,0,51.514000,0.000000,51.574000
236,1413394893.355761,0,0,0,0,0,0,0,0,0,0,51.917000,0.000000,51.977000
237,1413394893.405761,0,0,0,0,0,0,0,0,0,0,50.715000,0.000000,50.775000
238,1413394893.455760,0,0,0,0,0,0,0,0,0,0,50.305000,0.000000,50.365000
239,1413394893.505760,0,0,0,0,0,0,0,0,0,0,50.732000,0.000000,50.792000
240,1413394893.555760,0,0,0,0,0,0,0,0,0,0,50.630000,0.000000,50.688000
241,1413394893.605761,0,0,0,0,0,0,0,0,0,0,50.516000,0.000000,50.575000
242,1413394893.655761,0,0,0,0,0,0,0,0,0,0,50.453000,0.000000,50.512000
243,1413394893.705760,0,0,0,0,0,0,0,0,0,0,50.477000,0.000000,50.538000
244,1413394893.755760,0,0,0,0,0,0,0,0,0,0,50.517000,0.000000,50.576000
245,1413394893.805760,0,0,0,0,0,0,0,0,0,0,50.958000,0.000000,51.016000
246,1413394893.855761,0,0,0,0,0,0,0,0,0,0,50.534000,0.000000,50.591000
247,1413394893.905761,0,0,0,0,0,0,0,0,0,0,51.188000,0.000000,51.246000
248,1413394893.955760,0,0,0,0,0,0,0,0,0,0,50.745000,0.000000,50.806000
249,1413394894.005760,0,0,0,0,0,0,0,0,0,0,51.073000,0.000000,51.133000
250,1413394894.055760,0,0,0,0,0,0,0,0,0,0,51.106000,0.000000,51.165000
251,1413394894.105761,0,0,0,0,0,0,0,0,0,0,50.434000,0.000000,50.494000
252,1413394894.155761,0,0,0,0,0,0,0,0,0,0,50.249000,0.000000,50.308000
253,1413394894.205760,0,0,0,0,0,0,0,0,0,0,50.244000,0.000000,50.306000
254,1413394894.255760,0,0,0,0,0,0,0,0,0,0,50.092000,0.000000,50.152000
255,1413394894.305760,0,0,0,0,0,0,0,0,0,0,50.160000,0.000000,50.221000
256,1413394894.355761,0,0,0,0,0,0,0,0,0,0,50.118000,0.000000,50.179000
257,1413394894.405761,0,0,0,0,0,0,0,0,0,0,50.020000,0.000000,50.083000
258,1413394894.455760,0,0,0,0,0,0,0,0,0,0,50.220000,0.000000,50.279000
259,1413394894.505760,0,0,0,0,0,0,0,0,0,0,50.127000,0.000000,50.188000
260,1413394894.555760,0,0,0,0,0,0,0,0,0,0,49.962000,0.000000,50.023000
261,1413394894.605761,0,0,0,0,0,0,0,0,0,0,50.519000,0.000000,50.579000
262,1413394894.655761,0,0,0,0,0,0,0,0,0,0,50.926000,0.000000,50.984000
263,1413394894.705760,0,0,0,0,0,0,0,0,0,0,50.247000,0.000000,50.304000
264,1413394894.755760,0,0,0,0,0,0,0,0,0,0,50.540000,0.000000,50.603000
265,1413394894.805760,0,0,0,0,0,0,0,0,0,0,50.688000,0.000000,50.749000
266,1413394894.855761,0,0,0,0,0,0,0,0,0,0,50.607000,0.000000,50.669000
267,1413394894.905761,0,0,0,0,0,0,0,0,0,0,51.296000,0.000000,51.354000
268,1413394894.955760,0,0,0,0,0,0,0,0,0,0,51.048000,0.000000,51.107000
269,1413394895.005760,0,0,0,0,0,0,0,0,0,0,50.577000,0.000000,50.637000
270,1413394895.055760,0,0,0,0,0,0,0,0,0,0,51.188000,0.000000,51.249000
271,1413394895.105761,0,0,0,0,0,0,0,0,0,0,50.899000,0.000000,50.959000
272,1413394895.155761,0,0,0,0,0,0,0,0,0,0,50.783000,0.000000,50.843000
273,1413394895.205760,0,0,0,0,0,0,0,0,0,0,50.737000,0.000000,50.797000
274,1413394895.255760,0,0,0,0,0,0,0,0,0,0,52.154000,0.000000,52.213000
275,1413394895.305760,0,0,0,0,0,0,0,0,0,0,51.094000,0.000000,51.154000
276,1413394895.355761,0,0,0,0,0,0,0,0,0,0,50.881000,0.000000,50.941000
277,1413394895.405761,0,0,0,0,0,0,0,0,0,0,50.741000,0.000000,50.799000
278,1413394895.455760,0,0,0,0,0,0,0,0,0,0,51.486000,0.000000,51.549000
279,1413394895.505760,0,0,0,0,0,0,0,0,0,0,51.870000,0.000000,51.929000
280,1413394895.555760,0,0,0,0,0,0,0,0,0,0,51.657000,0.000000,51.716000
281,1413394895.605761,0,0,0,0,0,0,0,0,0,0,51.468000,0.000000,51.528000
282,1413394895.655761,0,0,0,0,0,0,0,0,0,0,51.844000,0.000000,51.903000
283,1413394895.705760,0,0,0,0,0,0,0,0,0,0,50.928000,0.000000,50.986000
284,1413394895.755760,0,0,0,0,0,0,0,0,0,0,51.218000,0.000000,51.279000
285,1413394895.805760,0,0,0,0,0,0,0,0,0,0,51.304000,0.000000,51.362000
286,1413394895.855761,0,0,0,0,0,0,0,0,0,0,51.512000,0.000000,51.572000
287,1413394895.905761,0,0,0,0,0,0,0,0,0,0,51.486000,0.000000,51.544000
288,1413394895.955760,0,0,0,0,0,0,0,0,0,0,51.997000,0.000000,52.058000
289,1413394896.005760,0,0,0,0,0,0,0,0,0,0,51.682000,0.000000,51.738000
290,1413394896.055760,0,0,0,0,0,0,0,0,0,0,51.986000,0.000000,52.046000
291,1413394896.105761,0,0,0,0,0,0,0,0,0,0,50.988000,0.000000,51.046000
292,1413394896.155761,0,0,0,0,0,0,0,0,0,0,51.167000,0.000000,51.226000
293,1413394896.205760,0,0,0,0,0,0,0,0,0,0,52.185000,0.000000,52.244000
294,1413394896.255760,0,0,0,0,0,0,0,0,0,0,51.492000,0.000000,51.550000
295,1413394896.305760,0,0,0,0,0,0,0,0,0,0,51.791000,0.000000,51.848000
296,1413394896.355761,0,0,0,0,0,0,0,0,0,0,51.373000,0.000000,51.432000
297,1413394896.405761,0,0,0,0,0,0,0,0,0,0,50.990000,0.000000,51.049000
298,1413394896.455760,0,0,0,0,0,0,0,0,0,0,52.513000,0.000000,52.573000
299,1413394896.505760,0,0,0,0,0,0,0,0,0,0,52.024000,0.000000,52.085000
300,1413394896.555760,0,0,0,0,0,0,0,0,0,0,51.248000,0.000000,51.305000
301,1413394896.605761,0,0,0,0,0,0,0,0,0,0,53.172000,0.000000,53.232000
302,1413394896.655761,0,0,0,0,0,0,0,0,0,0,51.405000,0.000000,51.464000
303,1413394896.705760,0,0,0,0,0,0,0,0,0,0,51.525000,0.000000,51.585000
304,1413394896.755760,0,0,0,0,0,0,0,0,0,0,51.488000,0.000000,51.546000
305,1413394896.805760,0,0,0,0,0,0,0,0,0,0,51.413000,0.000000,51.474000
306,1413394896.855761,0,0,0,0,0,0,0,0,0,0,51.505000,0.000000,51.566000
307,1413394896.905761,0,0,0,0,0,0,0,0,0,0,51.955000,0.000000,52.016000
308,1413394896.955760,0,0,0,0,0,0,0,0,0,0,52.673000,0.000000,52.732000
309,1413394897.005760,0,0,0,0,0,0,0,0,0,0,52.110000,0.000000,52.169000
310,1413394897.055760,0,0,0,0,0,0,0,0,0,0,51.488000,0.000000,51.548000
311,1413394897.105761,0,0,0,0,0,0,0,0,0,0,51.407000,0.000000,51.465000
312,1413394897.155761,0,0,0,0,0,0,0,0,0,0,52.784000,0.000000,52.845000
313,1413394897.205760,0,0,0,0,0,0,0,0,0,0,52.968000,0.000000,53.027000
314,1413394897.255760,0,0,0,0,0,0,0,0,0,0,51.909000,0.000000,51.968000
315,1413394897.305760,0,0,0,0,0,0,0,0,0,0,51.808000,0.000000,51.869000
316,1413394897.355761,0,0,0,0,0,0,0,0,0,0,51.686000,0.000000,51.745000
317,1413394897.405761,0,0,0,0,0,0,0,0,0,0,51.128000,0.000000,51.191000
318,1413394897.455760,0,0,0,0,0,0,0,0,0,0,51.044000,0.000000,51.104000
319,1413394897.505760,0,0,0,0,0,0,0,0,0,0,51.407000,0.000000,51.466000
320,1413394897.555760,0,0,0,0,0,0,0,0,0,0,50.923000,0.000000,50.984000
321,1413394897.605761,0,0,0,0,0,0,0,0,0,0,51.237000,0.000000,51.297000
322,1413394897.655761,0,0,0,0,0,0,0,0,0,0,51.762000,0.000000,51.833000
323,1413394897.705760,0,0,0,0,0,0,0,0,0,0,51.798000,0.000000,51.874000
324,1413394897.755760,0,0,0,0,0,0,0,0,0,0,51.810000,0.000000,51.871000
325,1413394897.805760,0,0,0,0,0,0,0,0,0,0,50.905000,0.000000,50.980000
326,1413394897.855761,0,0,0,0,0,0,0,0,0,0,50.750000,0.000000,50.810000
327,1413394897.905761,0,0,0,0,0,0,0,0,0,0,50.983000,0.000000,51.042000
328,1413394897.955760,0,0,0,0,0,0,0,0,0,0,50.899000,0.000000,50.960000
329,1413394898.005760,0,0,0,0,0,0,0,0,0,0,51.065000,0.000000,51.124000
330,1413394898.055760,0,0,0,0,0,0,0,0,0,0,51.050000,0.000000,51.109000
331,1413394898.105761,0,0,0,0,0,0,0,0,0,0,51.076000,0.000000,51.134000
332,1413394898.155761,0,0,0,0,0,0,0,0,0,0,51.262000,0.000000,51.321000
333,1413394898.205760,0,0,0,0,0,0,0,0,0,0,50.723000,0.000000,50.781000
334,1413394898.255760,0,0,0,0,0,0,0,0,0,0,50.688000,0.000000,50.747000
335,1413394898.305760,0,0,0,0,0,0,0,0,0,0,50.161000,0.000000,50.221000
336,1413394898.355761,0,0,0,0,0,0,0,0,0,0,50.074000,0.000000,50.133000
337,1413394898.405761,0,0,0,0,0,0,0,0,0,0,50.910000,0.000000,50.969000
338,1413394898.455760,0,0,0,0,0,0,0,0,0,0,50.482000,0.000000,50.541000
339,1413394898.505760,0,0,0,0,0,0,0,0,0,0,50.561000,0.000000,50.620000
340,1413394898.555760,0,0,0,0,0,0,0,0,0,0,50.386000,0.000000,50.444000
341,1413394898.605761,0,0,0,0,0,0,0,0,0,0,50.434000,0.000000,50.493000
342,1413394898.655761,0,0,0,0,0,0,0,0,0,0,50.483000,0.000000,50.542000
343,1413394898.705760,0,0,0,0,0,0,0,0,0,0,51.021000,0.000000,51.081000
344,1413394898.755760,0,0,0,0,0,0,0,0,0,0,50.650000,0.000000,50.708000
345,1413394898.805760,0,0,0,0,0,0,0,0,0,0,50.973000,0.000000,51.034000
346,1413394898.855761,0,0,0,0,0,0,0,0,0,0,51.082000,0.000000,51.143000
347,1413394898.905761,0,0,0,0,0,0,0,0,0,0,50.391000,0.000000,50.448000
348,1413394898.955760,0,0,0,0,0,0,0,0,0,0,51.001000,0.000000,51.060000
349,1413394899.005760,0,0,0,0,0,0,0,0,0,0,50.650000,0.000000,50.714000
350,1413394899.055760,0,0,0,0,0,0,0,0,0,0,50.874000,0.000000,50.936000
351,1413394899.105761,0,0,0,0,0,0,0,0,0,0,50.940000,0.000000,51.002000
352,1413394899.155761,0,0,0,0,0,0,0,0,0,0,51.701000,0.000000,51.760000
353,1413394899.205760,0,0,0,0,0,0,0,0,0,0,51.492000,0.000000,51.550000
354,1413394899.255760,0,0,0,0,0,0,0,0,0,0,51.709000,0.000000,51.769000
355,1413394899.305760,0,0,0,0,0,0,0,0,0,0,52.179000,0.000000,52.240000
356,1413394899.355761,0,0,0,0,0,0,0,0,0,0,50.980000,0.000000,51.041000
357,1413394899.405761,0,0,0,0,0,0,0,0,0,0,51.375000,0.000000,51.435000
358,1413394899.455760,0,0,0,0,0,0,0,0,0,0,50.957000,0.000000,51.017000
359,1413394899.505760,0,0,0,0,0,0,0,0,0,0,50.692000,0.000000,50.752000
360,1413394899.555760,0,0,0,0,0,0,0,0,0,0,50.932000,0.000000,50.992000
361,1413394899.605761,0,0,0,0,0,0,0,0,0,0,50.804000,0.000000,50.862000
362,1413394899.655761,0,0,0,0,0,0,0,0,0,0,50.505000,0.000000,50.564000
363,1413394899.705760,0,0,0,0,0,0,0,0,0,0,51.213000,0.000000,51.270000
364,1413394899.755760,0,0,0,0,0,0,0,0,0,0,50.654000,0.000000,50.714000
365,1413394899.805760,0,0,0,0,0,0,0,0,0,0,51.123000,0.000000,51.181000
366,1413394899.855761,0,0,0,0,0,0,0,0,0,0,50.961000,0.000000,51.018000
367,1413394899.905761,0,0,0,0,0,0,0,0,0,0,50.719000,0.000000,50.776000
368,1413394899.955760,0,0,0,0,0,0,0,0,0,0,50.418000,0.000000,50.478000
369,1413394900.005760,0,0,0,0,0,0,0,0,0,0,51.071000,0.000000,51.132000
370,1413394900.055760,0,0,0,0,0,0,0,0,0,0,51.065000,0.000000,51.125000
371,1413394900.105761,0,0,0,0,0,0,0,0,0,0,50.939000,0.000000,51.000000
372,1413394900.155761,0,0,0,0,0,0,0,0,0,0,50.867000,0.000000,50.926000
373,1413394900.205760,0,0,0,0,0,0,0,0,0,0,51.538000,0.000000,51.601000
374,1413394900.255760,0,0,0,0,0,0,0,0,0,0,51.114000,0.000000,51.175000
375,1413394900.305760,0,0,0,0,0,0,0,0,0,0,51.114000,0.000000,51.173000
376,1413394900.355761,0,0,0,0,0,0,0,0,0,0,50.982000,0.000000,51.041000
377,1413394900.405761,0,0,0,0,0,0,0,0,0,0,51.001000,0.000000,51.061000
378,1413394900.455760,0,0,0,0,0,0,0,0,0,0,51.184000,0.000000,51.244000
379,1413394900.505760,0,0,0,0,0,0,0,0,0,0,51.489000,0.000000,51.564000
380,1413394900.555760,0,0,0,0,0,0,0,0,0,0,51.496000,0.000000,51.556000
381,1413394900.605761,0,0,0,0,0,0,0,0,0,0,51.475000,0.000000,51.536000
382,1413394900.655761,0,0,0,0,0,0,0,0,0,0,52.344000,0.000000,52.403000
383,1413394900.705760,0,0,0,0,0,0,0,0,0,0,51.743000,0.000000,51.804000
384,1413394900.755760,0,0,0,0,0,0,0,0,0,0,51.504000,0.000000,51.563000
385,1413394900.805760,0,0,0,0,0,0,0,0,0,0,51.088000,0.000000,51.148000
386,1413394900.855761,0,0,0,0,0,0,0,0,0,0,51.618000,0.000000,51.677000
387,1413394900.905761,0,0,0,0,0,0,0,0,0,0,51.393000,0.000000,51.453000
388,1413394900.955760,0,0,0,0,0,0,0,0,0,0,51.330000,0.000000,51.390000
389,1413394901.005760,0,0,0,0,0,0,0,0,0,0,51.561000,0.000000,51.621000
390,1413394901.055760,0,0,0,0,0,0,0,0,0,0,51.888000,0.000000,51.947000
391,1413394901.105761,0,0,0,0,0,0,0,0,0,0,51.084000,0.000000,51.144000
392,1413394901.155761,0,0,0,0,0,0,0,0,0,0,50.941000,0.000000,51.001000
393,1413394901.205760,0,0,0,0,0,0,0,0,0,0,51.537000,0.000000,51.596000
394,1413394901.255760,0,0,0,0,0,0,0,0,0,0,50.690000,0.000000,50.750000
395,1413394901.305760,0,0,0,0,0,0,0,0,0,0,50.927000,0.000000,50.986000
396,1413394901.355761,0,0,0,0,0,0,0,0,0,0,50.885000,0.000000,50.944000
397,1413394901.405761,0,0,0,0,0,0,0,0,0,0,50.862000,0.000000,50.923000
398,1413394901.455760,0,0,0,0,0,0,0,0,0,0,51.130000,0.000000,51.186000
399,1413394901.505760,0,0,0,0,0,0,0,0,0,0,51.046000,0.000000,51.106000
400,1413394901.555760,0,0,0,0,0,0,0,0,0,0,50.898000,0.000000,50.957000
401,1413394901.605761,0,0,0,0,0,0,0,0,0,0,50.478000,0.000000,50.536000
402,1413394901.655761,0,0,0,0,0,0,0,0,0,0,50.340000,0.000000,50.397000
403,1413394901.705760,0,0,0,0,0,0,0,0,0,0,51.082000,0.000000,51.141000
404,1413394901.755760,0,0,0,0,0,0,0,0,0,0,50.872000,0.000000,50.929000
405,1413394901.805760,0,0,0,0,0,0,0,0,0,0,51.018000,0.000000,51.078000
406,1413394901.855761,0,0,0,0,0,0,0,0,0,0,50.696000,0.000000,50.757000
407,1413394901.905761,0,0,0,0,0,0,0,0,0,0,50.347000,0.000000,50.407000
408,1413394901.955760,0,0,0,0,0,0,0,0,0,0,50.887000,0.000000,50.947000
409,1413394902.005760,0,0,0,0,0,0,0,0,0,0,50.361000,0.000000,50.418000
410,1413394902.055760,0,0,0,0,0,0,0,0,0,0,50.429000,0.000000,50.486000
411,1413394902.105761,0,0,0,0,0,0,0,0,0,0,50.027000,0.000000,50.087000
412,1413394902.155761,0,0,0,0,0,0,0,0,0,0,50.456000,0.000000,50.519000
413,1413394902.205760,0,0,0,0,0,0,0,0,0,0,50.942000,0.000000,51.001000
414,1413394902.255760,0,0,0,0,0,0,0,0,0,0,51.357000,0.000000,51.416000
415,1413394902.305760,0,0,0,0,0,0,0,0,0,0,51.187000,0.000000,51.249000
416,1413394902.355761,0,0,0,0,0,0,0,0,0,0,50.477000,0.000000,50.536000
417,1413394902.405761,0,0,0,0,0,0,0,0,0,0,50.963000,0.000000,51.024000
418,1413394902.455760,0,0,0,0,0,0,0,0,0,0,50.746000,0.000000,50.807000
419,1413394902.505760,0,0,0,0,0,0,0,0,0,0,50.210000,0.000000,50.270000
420,1413394902.555760,0,0,0,0,0,0,0,0,0,0,50.467000,0.000000,50.526000
421,1413394902.605761,0,0,0,0,0,0,0,0,0,0,50.717000,0.000000,50.778000
422,1413394902.655761,0,0,0,0,0,0,0,0,0,0,51.109000,0.000000,51.168000
423,1413394902.705760,0,0,0,0,0,0,0,0,0,0,51.688000,0.000000,51.749000
424,1413394902.755760,0,0,0,0,0,0,0,0,0,0,51.637000,0.000000,51.697000
425,1413394902.805760,0,0,0,0,0,0,0,0,0,0,51.413000,0.000000,51.474000
426,1413394902.855761,0,0,0,0,0,0,0,0,0,0,53.515000,0.000000,53.574000
427,1413394902.905761,0,0,0,0,0,0,0,0,0,0,52.898000,0.000000,52.957000
428,1413394902.955760,0,0,0,0,0,0,0,0,0,0,53.509000,0.000000,53.568000
429,1413394903.055760,0,0,0,0,0,0,0,0,0,0,52.527000,0.000000,52.588000
430,1413394903.155761,0,0,0,0,0,0,0,0,0,0,52.181000,0.000000,52.242000
431,1413394903.255760,0,0,0,0,0,0,0,0,0,0,52.663000,0.000000,52.726000
432,1413394903.355761,0,0,0,0,0,0,0,0,0,0,51.847000,0.000000,51.907000
433,1413394903.455760,0,0,0,0,0,0,0,0,0,0,52.055000,0.000000,52.114000
434,1413394903.555760,0,0,0,0,0,0,0,0,0,0,52.250000,0.000000,52.313000
435,1413394903.605761,0,0,0,0,0,0,0,0,0,0,52.089000,0.000000,52.147000
436,1413394903.655761,0,0,0,0,0,0,0,0,0,0,52.618000,0.000000,52.677000
437,1413394903.705760,0,0,0,0,0,0,0,0,0,0,51.980000,0.000000,52.043000
438,1413394903.755760,0,0,0,0,0,0,0,0,0,0,52.285000,0.000000,52.346000
439,1413394903.805760,0,0,0,0,0,0,0,0,0,0,52.699000,0.000000,52.758000
440,1413394903.855761,0,0,0,0,0,0,0,0,0,0,52.559000,0.000000,52.621000
441,1413394903.905761,0,0,0,0,0,0,0,0,0,0,52.100000,0.000000,52.161000
442,1413394903.955760,0,0,0,0,0,0,0,0,0,0,51.776000,0.000000,51.837000
443,1413394904.005760,0,0,0,0,0,0,0,0,0,0,52.472000,0.000000,52.531000
444,1413394904.055760,0,0,0,0,0,0,0,0,0,0,51.686000,0.000000,51.746000
445,1413394904.105761,0,0,0,0,0,0,0,0,0,0,52.023000,0.000000,52.087000
446,1413394904.155761,0,0,0,0,0,0,0,0,0,0,51.729000,0.000000,51.791000
447,1413394904.205760,0,0,0,0,0,0,0,0,0,0,51.408000,0.000000,51.465000
448,1413394904.255760,0,0,0,0,0,0,0,0,0,0,51.319000,0.000000,51.379000
449,1413394904.305760,0,0,0,0,0,0,0,0,0,0,51.000000,0.000000,51.058000
450,1413394904.355761,0,0,0,0,0,0,0,0,0,0,51.420000,0.000000,51.481000
451,1413394904.405761,0,0,0,0,0,0,0,0,0,0,51.237000,0.000000,51.294000
452,1413394904.455760,0,0,0,0,0,0,0,0,0,0,50.974000,0.000000,51.033000
453,1413394904.505760,0,0,0,0,0,0,0,0,0,0,51.186000,0.000000,51.246000
454,1413394904.555760,0,0,0,0,0,0,0,0,0,0,51.264000,0.000000,51.325000
455,1413394904.605761,0,0,0,0,0,0,0,0,0,0,51.283000,0.000000,51.342000
456,1413394904.655761,0,0,0,0,0,0,0,0,0,0,50.851000,0.000000,50.910000
457,1413394904.705760,0,0,0,0,0,0,0,0,0,0,51.038000,0.000000,51.098000
458,1413394904.755760,0,0,0,0,0,0,0,0,0,0,51.150000,0.000000,51.210000
459,1413394904.805760,0,0,0,0,0,0,0,0,0,0,50.546000,0.000000,50.606000
460,1413394904.855761,0,0,0,0,0,0,0,0,0,0,51.058000,0.000000,51.117000
461,1413394904.905761,0,0,0,0,0,0,0,0,0,0,51.138000,0.000000,51.196000
462,1413394904.955760,0,0,0,0,0,0,0,0,0,0,51.441000,0.000000,51.500000
463,1413394905.005760,0,0,0,0,0,0,0,0,0,0,51.272000,0.000000,51.332000
464,1413394905.055760,0,0,0,0,0,0,0,0,0,0,51.232000,0.000000,51.292000
465,1413394905.105761,0,0,0,0,0,0,0,0,0,0,50.674000,0.000000,50.733000
466,1413394905.155761,0,0,0,0,0,0,0,0,0,0,50.985000,0.000000,51.044000
467,1413394905.205760,0,0,0,0,0,0,0,0,0,0,51.315000,0.000000,51.372000
468,1413394905.255760,0,0,0,0,0,0,0,0,0,0,51.421000,0.000000,51.480000
469,1413394905.305760,0,0,0,0,0,0,0,0,0,0,50.993000,0.000000,51.051000
470,1413394905.355761,0,0,0,0,0,0,0,0,0,0,51.065000,0.000000,51.127000
471,1413394905.405761,0,0,0,0,0,0,0,0,0,0,51.289000,0.000000,51.348000
472,1413394905.455760,0,0,0,0,0,0,0,0,0,0,52.040000,0.000000,52.100000
473,1413394905.505760,0,0,0,0,0,0,0,0,0,0,51.012000,0.000000,51.071000
474,1413394905.555760,0,0,0,0,0,0,0,0,0,0,51.571000,0.000000,51.630000
475,1413394905.605761,0,0,0,0,0,0,0,0,0,0,51.479000,0.000000,51.540000
476,1413394905.655761,0,0,0,0,0,0,0,0,0,0,51.208000,0.000000,51.270000
477,1413394905.705760,0,0,0,0,0,0,0,0,0,0,51.076000,0.000000,51.138000
478,1413394905.755760,0,0,0,0,0,0,0,0,0,0,50.827000,0.000000,50.888000
479,1413394905.805760,0,0,0,0,0,0,0,0,0,0,50.945000,0.000000,51.004000
480,1413394905.855761,0,0,0,0,0,0,0,0,0,0,51.081000,0.000000,51.142000
481,1413394905.905761,0,0,0,0,0,0,0,0,0,0,50.811000,0.000000,50.873000
482,1413394905.955760,0,0,0,0,0,0,0,0,0,0,50.503000,0.000000,50.562000
483,1413394906.005760,0,0,0,0,0,0,0,0,0,0,50.511000,0.000000,50.570000
484,1413394906.055760,0,0,0,0,0,0,0,0,0,0,50.566000,0.000000,50.626000
485,1413394906.105761,0,0,0,0,0,0,0,0,0,0,51.174000,0.000000,51.233000
486,1413394906.155761,0,0,0,0,0,0,0,0,0,0,51.571000,0.000000,51.646000
487,1413394906.205760,0,0,0,0,0,0,0,0,0,0,51.991000,0.000000,52.052000
488,1413394906.255760,0,0,0,0,0,0,0,0,0,0,51.107000,0.000000,51.164000
489,1413394906.305760,0,0,0,0,0,0,0,0,0,0,50.480000,0.000000,50.539000
490,1413394906.355761,0,0,0,0,0,0,0,0,0,0,52.058000,0.000000,52.116000
491,1413394906.405761,0,0,0,0,0,0,0,0,0,0,51.448000,0.000000,51.506000
492,1413394906.455760,0,0,0,0,0,0,0,0,0,0,51.349000,0.000000,51.407000
493,1413394906.505760,0,0,0,0,0,0,0,0,0,0,51.450000,0.000000,51.511000
494,1413394906.555760,0,0,0,0,0,0,0,0,0,0,51.364000,0.000000,51.424000
495,1413394906.605761,0,0,0,0,0,0,0,0,0,0,51.615000,0.000000,51.675000
496,1413394906.655761,0,0,0,0,0,0,0,0,0,0,51.657000,0.000000,51.718000
497,1413394906.705760,0,0,0,0,0,0,0,0,0,0,51.615000,0.000000,51.674000
498,1413394906.755760,0,0,0,0,0,0,0,0,0,0,50.843000,0.000000,50.900000
499,1413394906.805760,0,0,0,0,0,0,0,0,0,0,52.698000,0.000000,52.758000
500,1413394906.855761,0,0,0,0,0,0,0,0,0,0,51.277000,0.000000,51.337000
501,1413394906.905761,0,0,0,0,0,0,0,0,0,0,51.334000,0.000000,51.394000
502,1413394906.955760,0,0,0,0,0,0,0,0,0,0,50.697000,0.000000,50.758000
503,1413394907.005760,0,0,0,0,0,0,0,0,0,0,51.558000,0.000000,51.618000
504,1413394907.055760,0,0,0,0,0,0,0,0,0,0,51.199000,0.000000,51.261000
505,1413394907.105761,0,0,0,0,0,0,0,0,0,0,50.690000,0.000000,50.748000
506,1413394907.155761,0,0,0,0,0,0,0,0,0,0,50.814000,0.000000,50.874000
507,1413394907.205760,0,0,0,0,0,0,0,0,0,0,51.098000,0.000000,51.157000
508,1413394907.255760,0,0,0,0,0,0,0,0,0,0,51.205000,0.000000,51.262000
509,1413394907.305760,0,0,0,0,0,0,0,0,0,0,50.543000,0.000000,50.604000
510,1413394907.355761,0,0,0,0,0,0,0,0,0,0,51.553000,0.000000,51.613000
511,1413394907.405761,0,0,0,0,0,0,0,0,0,0,51.445000,0.000000,51.503000
512,1413394907.455760,0,0,0,0,0,0,0,0,0,0,50.901000,0.000000,50.962000
513,1413394907.505760,0,0,0,0,0,0,0,0,0,0,51.642000,0.000000,51.702000
514,1413394907.555760,0,0,0,0,0,0,0,0,0,0,51.781000,0.000000,51.842000
515,1413394907.605761,0,0,0,0,0,0,0,0,0,0,51.966000,0.000000,52.027000
516,1413394907.655761,0,0,0,0,0,0,0,0,0,0,51.770000,0.000000,51.829000
517,1413394907.705760,0,0,0,0,0,0,0,0,0,0,51.500000,0.000000,51.558000
518,1413394907.755760,0,0,0,0,0,0,0,0,0,0,50.771000,0.000000,50.829000
519,1413394907.805760,0,0,0,0,0,0,0,0,0,0,51.727000,0.000000,51.787000
520,1413394907.855761,0,0,0,0,0,0,0,0,0,0,51.274000,0.000000,51.334000
521,1413394907.905761,0,0,0,0,0,0,0,0,0,0,50.903000,0.000000,50.966000
522,1413394907.955760,0,0,0,0,0,0,0,0,0,0,51.225000,0.000000,51.284000
523,1413394908.005760,0,0,0,0,0,0,0,0,0,0,51.424000,0.000000,51.484000
524,1413394908.055760,0,0,0,0,0,0,0,0,0,0,51.225000,0.000000,51.285000
525,1413394908.105761,0,0,0,0,0,0,0,0,0,0,50.970000,0.000000,51.030000
526,1413394908.155761,0,0,0,0,0,0,0,0,0,0,50.835000,0.000000,50.897000
527,1413394908.205760,0,0,0,0,0,0,0,0,0,0,51.640000,0.000000,51.700000
528,1413394908.255760,0,0,0,0,0,0,0,0,0,0,50.551000,0.000000,50.622000
529,1413394908.305760,0,0,0,0,0,0,0,0,0,0,51.338000,0.000000,51.397000
530,1413394908.355761,0,0,0,0,0,0,0,0,0,0,50.876000,0.000000,50.936000
531,1413394908.405761,0,0,0,0,0,0,0,0,0,0,51.757000,0.000000,51.816000
532,1413394908.455760,0,0,0,0,0,0,0,0,0,0,51.380000,0.000000,51.440000
533,1413394908.505760,0,0,0,0,0,0,0,0,0,0,50.668000,0.000000,50.731000
534,1413394908.555760,0,0,0,0,0,0,0,0,0,0,50.809000,0.000000,50.869000
535,1413394908.605761,0,0,0,0,0,0,0,0,0,0,51.218000,0.000000,51.277000
536,1413394908.655761,0,0,0,0,0,0,0,0,0,0,51.242000,0.000000,51.304000
537,1413394908.705760,0,0,0,0,0,0,0,0,0,0,51.338000,0.000000,51.398000
538,1413394908.755760,0,0,0,0,0,0,0,0,0,0,51.302000,0.000000,51.362000
539,1413394908.805760,0,0,0,0,0,0,0,0,0,0,51.468000,0.000000,51.542000
540,1413394908.855761,0,0,0,0,0,0,0,0,0,0,51.140000,0.000000,51.203000
541,1413394908.905761,0,0,0,0,0,0,0,0,0,0,50.761000,0.000000,50.821000
542,1413394908.955760,0,0,0,0,0,0,0,0,0,0,50.867000,0.000000,50.927000
543,1413394909.005760,0,0,0,0,0,0,0,0,0,0,51.203000,0.000000,51.265000
544,1413394909.055760,0,0,0,0,0,0,0,0,0,0,51.152000,0.000000,51.213000
545,1413394909.105761,0,0,0,0,0,0,0,0,0,0,50.900000,0.000000,50.960000
546,1413394909.155761,0,0,0,0,0,0,0,0,0,0,50.638000,0.000000,50.698000
547,1413394909.205760,0,0,0,0,0,0,0,0,0,0,58.846000,0.000000,58.908000
548,1413394909.255760,0,0,0,0,0,0,0,0,0,0,55.245000,0.000000,55.313000
549,1413394909.305760,0,0,0,0,0,0,0,0,0,0,61.833000,0.000000,61.896000
550,1413394909.355761,0,0,0,0,0,0,0,0,0,0,51.378000,0.000000,51.438000
551,1413394909.405761,0,0,0,0,0,0,0,0,0,0,51.306000,0.000000,51.366000
552,1413394909.455760,0,0,0,0,0,0,0,0,0,0,51.797000,0.000000,51.855000
553,1413394909.505760,0,0,0,0,0,0,0,0,0,0,51.770000,0.000000,51.830000
554,1413394909.555760,0,0,0,0,0,0,0,0,0,0,51.702000,0.000000,51.763000
555,1413394909.605761,0,0,0,0,0,0,0,0,0,0,51.750000,0.000000,51.812000
556,1413394909.655761,0,0,0,0,0,0,0,0,0,0,51.411000,0.000000,51.472000
557,1413394909.705760,0,0,0,0,0,0,0,0,0,0,51.457000,0.000000,51.517000
558,1413394909.755760,0,0,0,0,0,0,0,0,0,0,50.666000,0.000000,50.724000
559,1413394909.805760,0,0,0,0,0,0,0,0,0,0,50.961000,0.000000,51.023000
560,1413394909.855761,0,0,0,0,0,0,0,0,0,0,51.074000,0.000000,51.133000
