frame_id,timestamp,forward_success,forward_total,ransac_rejected_temporal,stereo_candidates,stereo_success,stereo_gate_depth_rejects,stereo_gate_reproj_rejects,new_features,total_features,extraction_time_ms,matcher_time_ms,total_time_ms
0,1609046841.729550,0,0,0,0,0,0,0,0,0,73.405000,0.000000,73.820000
1,1609046841.829482,0,0,0,0,0,0,0,0,0,52.542000,0.000000,52.590000
2,1609046841.929388,0,0,0,0,0,0,0,0,0,51.078000,0.000000,51.134000
3,1609046842.029439,0,0,0,0,0,0,0,0,0,58.048000,0.000000,58.110000
4,1609046842.130301,0,0,0,0,0,0,0,0,0,52.525000,0.000000,52.572000
5,1609046842.229621,0,0,0,0,0,0,0,0,0,53.135000,0.000000,53.180000
6,1609046842.330324,0,0,0,0,0,0,0,0,0,51.290000,0.000000,51.343000
7,1609046842.429835,0,0,0,0,0,0,0,0,0,51.024000,0.000000,51.070000
8,1609046842.529954,0,0,0,0,0,0,0,0,0,50.983000,0.000000,51.034000
9,1609046842.629638,0,0,0,0,0,0,0,0,0,51.027000,0.000000,51.074000
10,1609046842.729640,0,0,0,0,0,0,0,0,0,50.836000,0.000000,50.888000
11,1609046842.829747,0,0,0,0,0,0,0,0,0,50.195000,0.000000,50.239000
12,1609046842.929673,0,0,0,0,0,0,0,0,0,50.631000,0.000000,50.680000
13,1609046843.029743,0,0,0,0,0,0,0,0,0,50.532000,0.000000,50.575000
14,1609046843.129724,0,0,0,0,0,0,0,0,0,50.559000,0.000000,50.606000
15,1609046843.229802,0,0,0,0,0,0,0,0,0,50.521000,0.000000,50.569000
16,1609046843.329827,0,0,0,0,0,0,0,0,0,50.963000,0.000000,51.010000
17,1609046843.429854,0,0,0,0,0,0,0,0,0,51.270000,0.000000,51.318000
18,1609046843.530639,0,0,0,0,0,0,0,0,0,51.687000,0.000000,51.733000
19,1609046843.629863,0,0,0,0,0,0,0,0,0,50.314000,0.000000,50.364000
20,1609046843.730019,0,0,0,0,0,0,0,0,0,50.183000,0.000000,50.234000
21,1609046843.829863,0,0,0,0,0,0,0,0,0,51.212000,0.000000,51.260000
22,1609046843.929947,0,0,0,0,0,0,0,0,0,50.246000,0.000000,50.296000
23,1609046844.030033,0,0,0,0,0,0,0,0,0,50.176000,0.000000,50.227000
24,1609046844.130546,0,0,0,0,0,0,0,0,0,51.016000,0.000000,51.067000
25,1609046844.230227,0,0,0,0,0,0,0,0,0,50.405000,0.000000,50.457000
26,1609046844.330097,0,0,0,0,0,0,0,0,0,50.655000,0.000000,50.706000
27,1609046844.430119,0,0,0,0,0,0,0,0,0,50.332000,0.000000,50.382000
28,1609046844.530152,0,0,0,0,0,0,0,0,0,51.159000,0.000000,51.208000
29,1609046844.630212,0,0,0,0,0,0,0,0,0,50.236000,0.000000,50.286000
30,1609046844.730206,0,0,0,0,0,0,0,0,0,50.601000,0.000000,50.652000
31,1609046844.830233,0,0,0,0,0,0,0,0,0,50.693000,0.000000,50.743000
32,1609046844.930716,0,0,0,0,0,0,0,0,0,50.361000,0.000000,50.411000
33,1609046845.030309,0,0,0,0,0,0,0,0,0,50.423000,0.000000,50.476000
34,1609046845.130508,0,0,0,0,0,0,0,0,0,50.408000,0.000000,50.457000
35,1609046845.230395,0,0,0,0,0,0,0,0,0,50.030000,0.000000,50.081000
36,1609046845.330374,0,0,0,0,0,0,0,0,0,50.599000,0.000000,50.648000
37,1609046845.430570,0,0,0,0,0,0,0,0,0,50.159000,0.000000,50.211000
38,1609046845.530442,0,0,0,0,0,0,0,0,0,50.807000,0.000000,50.854000
39,1609046845.630437,0,0,0,0,0,0,0,0,0,50.609000,0.000000,50.658000
40,1609046845.732570,0,0,0,0,0,0,0,0,0,50.692000,0.000000,50.744000
41,1609046845.830600,0,0,0,0,0,0,0,0,0,51.231000,0.000000,51.277000
42,1609046845.930564,0,0,0,0,0,0,0,0,0,50.902000,0.000000,50.950000
43,1609046846.030569,0,0,0,0,0,0,0,0,0,50.053000,0.000000,50.103000
44,1609046846.130562,0,0,0,0,0,0,0,0,0,50.699000,0.000000,50.747000
45,1609046846.230647,0,0,0,0,0,0,0,0,0,50.308000,0.000000,50.359000
46,1609046846.330927,0,0,0,0,0,0,0,0,0,51.150000,0.000000,51.200000
47,1609046846.430677,0,0,0,0,0,0,0,0,0,50.439000,0.000000,50.485000
48,1609046846.530736,0,0,0,0,0,0,0,0,0,50.539000,0.000000,50.585000
49,1609046846.630778,0,0,0,0,0,0,0,0,0,49.895000,0.000000,49.946000
50,1609046846.730844,0,0,0,0,0,0,0,0,0,50.511000,0.000000,50.556000
51,1609046846.830800,0,0,0,0,0,0,0,0,0,50.909000,0.000000,50.955000
52,1609046846.930832,0,0,0,0,0,0,0,0,0,50.536000,0.000000,50.588000
53,1609046847.031072,0,0,0,0,0,0,0,0,0,50.333000,0.000000,50.387000
54,1609046847.130860,0,0,0,0,0,0,0,0,0,50.774000,0.000000,50.825000
55,1609046847.230940,0,0,0,0,0,0,0,0,0,50.576000,0.000000,50.621000
56,1609046847.331357,0,0,0,0,0,0,0,0,0,50.606000,0.000000,50.656000
57,1609046847.431387,0,0,0,0,0,0,0,0,0,50.196000,0.000000,50.251000
58,1609046847.531036,0,0,0,0,0,0,0,0,0,50.483000,0.000000,50.536000
59,1609046847.631074,0,0,0,0,0,0,0,0,0,50.321000,0.000000,50.373000
60,1609046847.731965,0,0,0,0,0,0,0,0,0,50.289000,0.000000,50.340000
61,1609046847.831897,0,0,0,0,0,0,0,0,0,49.941000,0.000000,49.990000
62,1609046847.931356,0,0,0,0,0,0,0,0,0,50.644000,0.000000,50.686000
63,1609046848.031395,0,0,0,0,0,0,0,0,0,51.201000,0.000000,51.245000
64,1609046848.131306,0,0,0,0,0,0,0,0,0,50.314000,0.000000,50.362000
65,1609046848.231969,0,0,0,0,0,0,0,0,0,50.487000,0.000000,50.536000
66,1609046848.331310,0,0,0,0,0,0,0,0,0,51.110000,0.000000,51.157000
67,1609046848.431412,0,0,0,0,0,0,0,0,0,50.698000,0.000000,50.746000
68,1609046848.531917,0,0,0,0,0,0,0,0,0,50.160000,0.000000,50.209000
69,1609046848.631350,0,0,0,0,0,0,0,0,0,51.026000,0.000000,51.073000
70,1609046848.731453,0,0,0,0,0,0,0,0,0,50.018000,0.000000,50.063000
71,1609046848.831651,0,0,0,0,0,0,0,0,0,50.882000,0.000000,50.929000
72,1609046848.931449,0,0,0,0,0,0,0,0,0,51.567000,0.000000,51.621000
73,1609046849.031455,0,0,0,0,0,0,0,0,0,50.413000,0.000000,50.459000
74,1609046849.131512,0,0,0,0,0,0,0,0,0,50.529000,0.000000,50.574000
75,1609046849.231677,0,0,0,0,0,0,0,0,0,50.072000,0.000000,50.121000
76,1609046849.331571,0,0,0,0,0,0,0,0,0,49.918000,0.000000,49.964000
77,1609046849.432036,0,0,0,0,0,0,0,0,0,49.909000,0.000000,49.952000
78,1609046849.532154,0,0,0,0,0,0,0,0,0,50.225000,0.000000,50.268000
79,1609046849.631663,0,0,0,0,0,0,0,0,0,51.142000,0.000000,51.188000
80,1609046849.731724,0,0,0,0,0,0,0,0,0,50.372000,0.000000,50.421000
81,1609046849.831926,0,0,0,0,0,0,0,0,0,50.351000,0.000000,50.397000
82,1609046849.931760,0,0,0,0,0,0,0,0,0,49.962000,0.000000,50.008000
83,1609046850.031815,0,0,0,0,0,0,0,0,0,50.251000,0.000000,50.297000
84,1609046850.131808,0,0,0,0,0,0,0,0,0,50.306000,0.000000,50.354000
85,1609046850.231844,0,0,0,0,0,0,0,0,0,50.301000,0.000000,50.347000
86,1609046850.331870,0,0,0,0,0,0,0,0,0,50.037000,0.000000,50.087000
87,1609046850.431929,0,0,0,0,0,0,0,0,0,50.467000,0.000000,50.517000
88,1609046850.532307,0,0,0,0,0,0,0,0,0,50.334000,0.000000,50.381000
89,1609046850.631968,0,0,0,0,0,0,0,0,0,50.511000,0.000000,50.552000
90,1609046850.731986,0,0,0,0,0,0,0,0,0,50.309000,0.000000,50.357000
91,1609046850.832047,0,0,0,0,0,0,0,0,0,49.995000,0.000000,50.041000
92,1609046850.932090,0,0,0,0,0,0,0,0,0,50.951000,0.000000,50.998000
93,1609046851.032077,0,0,0,0,0,0,0,0,0,50.595000,0.000000,50.647000
94,1609046851.132641,0,0,0,0,0,0,0,0,0,50.104000,0.000000,50.149000
95,1609046851.232173,0,0,0,0,0,0,0,0,0,49.831000,0.000000,49.877000
96,1609046851.332167,0,0,0,0,0,0,0,0,0,49.993000,0.000000,50.038000
97,1609046851.432135,0,0,0,0,0,0,0,0,0,50.033000,0.000000,50.077000
98,1609046851.532206,0,0,0,0,0,0,0,0,0,50.255000,0.000000,50.301000
99,1609046851.632258,0,0,0,0,0,0,0,0,0,50.546000,0.000000,50.594000
100,1609046851.732314,0,0,0,0,0,0,0,0,0,49.973000,0.000000,50.021000
101,1609046851.832251,0,0,0,0,0,0,0,0,0,50.099000,0.000000,50.145000
102,1609046851.932412,0,0,0,0,0,0,0,0,0,50.087000,0.000000,50.135000
103,1609046852.032355,0,0,0,0,0,0,0,0,0,49.990000,0.000000,50.033000
104,1609046852.132425,0,0,0,0,0,0,0,0,0,50.817000,0.000000,50.863000
105,1609046852.232409,0,0,0,0,0,0,0,0,0,51.508000,0.000000,51.554000
106,1609046852.332461,0,0,0,0,0,0,0,0,0,50.497000,0.000000,50.542000
107,1609046852.432473,0,0,0,0,0,0,0,0,0,50.455000,0.000000,50.508000
108,1609046852.532538,0,0,0,0,0,0,0,0,0,50.892000,0.000000,50.936000
109,1609046852.632524,0,0,0,0,0,0,0,0,0,50.319000,0.000000,50.364000
110,1609046852.732554,0,0,0,0,0,0,0,0,0,49.924000,0.000000,49.967000
111,1609046852.832560,0,0,0,0,0,0,0,0,0,50.347000,0.000000,50.400000
112,1609046852.932656,0,0,0,0,0,0,0,0,0,50.956000,0.000000,51.002000
113,1609046853.032641,0,0,0,0,0,0,0,0,0,50.576000,0.000000,50.626000
114,1609046853.132695,0,0,0,0,0,0,0,0,0,50.399000,0.000000,50.442000
115,1609046853.232671,0,0,0,0,0,0,0,0,0,50.569000,0.000000,50.613000
116,1609046853.332739,0,0,0,0,0,0,0,0,0,50.514000,0.000000,50.558000
117,1609046853.432735,0,0,0,0,0,0,0,0,0,50.521000,0.000000,50.571000
118,1609046853.532776,0,0,0,0,0,0,0,0,0,50.644000,0.000000,50.688000
119,1609046853.632817,0,0,0,0,0,0,0,0,0,50.081000,0.000000,50.127000
120,1609046853.732897,0,0,0,0,0,0,0,0,0,50.256000,0.000000,50.302000
121,1609046853.832944,0,0,0,0,0,0,0,0,0,50.195000,0.000000,50.242000
122,1609046853.932884,0,0,0,0,0,0,0,0,0,50.502000,0.000000,50.543000
123,1609046854.032960,0,0,0,0,0,0,0,0,0,49.875000,0.000000,49.917000
124,1609046854.132974,0,0,0,0,0,0,0,0,0,50.476000,0.000000,50.527000
125,1609046854.233008,0,0,0,0,0,0,0,0,0,50.380000,0.000000,50.430000
126,1609046854.333013,0,0,0,0,0,0,0,0,0,50.388000,0.000000,50.431000
127,1609046854.433140,0,0,0,0,0,0,0,0,0,50.892000,0.000000,50.944000
128,1609046854.533060,0,0,0,0,0,0,0,0,0,50.672000,0.000000,50.722000
129,1609046854.633118,0,0,0,0,0,0,0,0,0,50.067000,0.000000,50.109000
130,1609046854.733140,0,0,0,0,0,0,0,0,0,51.530000,0.000000,51.582000
131,1609046854.833157,0,0,0,0,0,0,0,0,0,50.817000,0.000000,50.859000
132,1609046854.933184,0,0,0,0,0,0,0,0,0,50.754000,0.000000,50.801000
133,1609046855.033272,0,0,0,0,0,0,0,0,0,50.446000,0.000000,50.488000
134,1609046855.133265,0,0,0,0,0,0,0,0,0,50.088000,0.000000,50.135000
135,1609046855.233356,0,0,0,0,0,0,0,0,0,50.349000,0.000000,50.398000
136,1609046855.333362,0,0,0,0,0,0,0,0,0,50.150000,0.000000,50.196000
137,1609046855.433396,0,0,0,0,0,0,0,0,0,50.805000,0.000000,50.852000
138,1609046855.533374,0,0,0,0,0,0,0,0,0,50.593000,0.000000,50.639000
139,1609046855.633422,0,0,0,0,0,0,0,0,0,50.243000,0.000000,50.287000
140,1609046855.733428,0,0,0,0,0,0,0,0,0,50.458000,0.000000,50.507000
141,1609046855.833446,0,0,0,0,0,0,0,0,0,50.134000,0.000000,50.181000
142,1609046855.933486,0,0,0,0,0,0,0,0,0,50.469000,0.000000,50.514000
143,1609046856.033521,0,0,0,0,0,0,0,0,0,50.751000,0.000000,50.800000
144,1609046856.133547,0,0,0,0,0,0,0,0,0,50.882000,0.000000,50.930000
145,1609046856.233570,0,0,0,0,0,0,0,0,0,50.447000,0.000000,50.499000
146,1609046856.333611,0,0,0,0,0,0,0,0,0,50.695000,0.000000,50.744000
147,1609046856.433653,0,0,0,0,0,0,0,0,0,49.929000,0.000000,49.980000
148,1609046856.533658,0,0,0,0,0,0,0,0,0,50.265000,0.000000,50.313000
149,1609046856.633720,0,0,0,0,0,0,0,0,0,50.192000,0.000000,50.239000
150,1609046856.733771,0,0,0,0,0,0,0,0,0,50.660000,0.000000,50.710000
151,1609046856.833782,0,0,0,0,0,0,0,0,0,50.532000,0.000000,50.576000
152,1609046856.933822,0,0,0,0,0,0,0,0,0,50.065000,0.000000,50.117000
153,1609046857.033842,0,0,0,0,0,0,0,0,0,50.376000,0.000000,50.428000
154,1609046857.133910,0,0,0,0,0,0,0,0,0,50.045000,0.000000,50.093000
155,1609046857.233896,0,0,0,0,0,0,0,0,0,50.545000,0.000000,50.600000
156,1609046857.333920,0,0,0,0,0,0,0,0,0,50.263000,0.000000,50.310000
157,1609046857.433926,0,0,0,0,0,0,0,0,0,50.019000,0.000000,50.066000
158,1609046857.533970,0,0,0,0,0,0,0,0,0,50.447000,0.000000,50.504000
159,1609046857.634018,0,0,0,0,0,0,0,0,0,50.294000,0.000000,50.336000
160,1609046857.734037,0,0,0,0,0,0,0,0,0,50.528000,0.000000,50.572000
161,1609046857.834075,0,0,0,0,0,0,0,0,0,50.408000,0.000000,50.451000
162,1609046857.934102,0,0,0,0,0,0,0,0,0,50.747000,0.000000,50.805000
163,1609046858.034128,0,0,0,0,0,0,0,0,0,50.055000,0.000000,50.115000
164,1609046858.134149,0,0,0,0,0,0,0,0,0,49.938000,0.000000,49.995000
165,1609046858.234189,0,0,0,0,0,0,0,0,0,50.013000,0.000000,50.057000
166,1609046858.334207,0,0,0,0,0,0,0,0,0,50.088000,0.000000,50.133000
167,1609046858.434312,0,0,0,0,0,0,0,0,0,50.397000,0.000000,50.450000
168,1609046858.534257,0,0,0,0,0,0,0,0,0,50.157000,0.000000,50.205000
169,1609046858.634329,0,0,0,0,0,0,0,0,0,50.949000,0.000000,50.996000
170,1609046858.734336,0,0,0,0,0,0,0,0,0,51.059000,0.000000,51.109000
171,1609046858.834381,0,0,0,0,0,0,0,0,0,50.720000,0.000000,50.770000
172,1609046858.934359,0,0,0,0,0,0,0,0,0,51.150000,0.000000,51.201000
173,1609046859.034421,0,0,0,0,0,0,0,0,0,50.620000,0.000000,50.671000
174,1609046859.134449,0,0,0,0,0,0,0,0,0,49.810000,0.000000,49.859000
175,1609046859.234447,0,0,0,0,0,0,0,0,0,49.795000,0.000000,49.844000
176,1609046859.334537,0,0,0,0,0,0,0,0,0,51.088000,0.000000,51.137000
177,1609046859.434528,0,0,0,0,0,0,0,0,0,50.116000,0.000000,50.166000
178,1609046859.534529,0,0,0,0,0,0,0,0,0,50.459000,0.000000,50.510000
179,1609046859.634588,0,0,0,0,0,0,0,0,0,50.668000,0.000000,50.716000
180,1609046859.734660,0,0,0,0,0,0,0,0,0,50.403000,0.000000,50.453000
181,1609046859.834659,0,0,0,0,0,0,0,0,0,50.742000,0.000000,50.794000
182,1609046859.934688,0,0,0,0,0,0,0,0,0,50.571000,0.000000,50.626000
183,1609046860.034702,0,0,0,0,0,0,0,0,0,50.653000,0.000000,50.709000
184,1609046860.134738,0,0,0,0,0,0,0,0,0,50.657000,0.000000,50.705000
185,1609046860.234796,0,0,0,0,0,0,0,0,0,50.009000,0.000000,50.058000
186,1609046860.334792,0,0,0,0,0,0,0,0,0,50.033000,0.000000,50.082000
187,1609046860.434853,0,0,0,0,0,0,0,0,0,50.762000,0.000000,50.812000
188,1609046860.534852,0,0,0,0,0,0,0,0,0,50.472000,0.000000,50.522000
189,1609046860.634887,0,0,0,0,0,0,0,0,0,50.521000,0.000000,50.573000
190,1609046860.734972,0,0,0,0,0,0,0,0,0,50.300000,0.000000,50.348000
191,1609046860.834964,0,0,0,0,0,0,0,0,0,50.154000,0.000000,50.205000
192,1609046860.934975,0,0,0,0,0,0,0,0,0,51.058000,0.000000,51.110000
193,1609046861.035023,0,0,0,0,0,0,0,0,0,50.306000,0.000000,50.356000
194,1609046861.135023,0,0,0,0,0,0,0,0,0,50.188000,0.000000,50.241000
195,1609046861.235040,0,0,0,0,0,0,0,0,0,49.846000,0.000000,49.897000
196,1609046861.335094,0,0,0,0,0,0,0,0,0,50.911000,0.000000,50.960000
197,1609046861.435124,0,0,0,0,0,0,0,0,0,49.844000,0.000000,49.894000
198,1609046861.535216,0,0,0,0,0,0,0,0,0,51.079000,0.000000,51.128000
199,1609046861.635170,0,0,0,0,0,0,0,0,0,50.763000,0.000000,50.812000
200,1609046861.735178,0,0,0,0,0,0,0,0,0,50.195000,0.000000,50.245000
201,1609046861.835241,0,0,0,0,0,0,0,0,0,49.949000,0.000000,50.000000
202,1609046861.935262,0,0,0,0,0,0,0,0,0,50.373000,0.000000,50.421000
203,1609046862.035290,0,0,0,0,0,0,0,0,0,50.428000,0.000000,50.478000
204,1609046862.135295,0,0,0,0,0,0,0,0,0,50.225000,0.000000,50.275000
205,1609046862.235346,0,0,0,0,0,0,0,0,0,50.238000,0.000000,50.289000
206,1609046862.335396,0,0,0,0,0,0,0,0,0,50.485000,0.000000,50.534000
207,1609046862.435407,0,0,0,0,0,0,0,0,0,49.916000,0.000000,49.964000
208,1609046862.535581,0,0,0,0,0,0,0,0,0,50.633000,0.000000,50.683000
209,1609046862.635481,0,0,0,0,0,0,0,0,0,50.175000,0.000000,50.222000
210,1609046862.735519,0,0,0,0,0,0,0,0,0,50.172000,0.000000,50.221000
211,1609046862.835521,0,0,0,0,0,0,0,0,0,50.012000,0.000000,50.062000
212,1609046862.935643,0,0,0,0,0,0,0,0,0,50.538000,0.000000,50.589000
213,1609046863.035616,0,0,0,0,0,0,0,0,0,50.578000,0.000000,50.628000
214,1609046863.135617,0,0,0,0,0,0,0,0,0,49.954000,0.000000,50.011000
215,1609046863.235670,0,0,0,0,0,0,0,0,0,50.416000,0.000000,50.465000
216,1609046863.335734,0,0,0,0,0,0,0,0,0,50.923000,0.000000,50.972000
217,1609046863.435762,0,0,0,0,0,0,0,0,0,50.324000,0.000000,50.375000
218,1609046863.535644,0,0,0,0,0,0,0,0,0,50.238000,0.000000,50.288000
219,1609046863.635766,0,0,0,0,0,0,0,0,0,50.117000,0.000000,50.160000
220,1609046863.735757,0,0,0,0,0,0,0,0,0,50.690000,0.000000,50.740000
221,1609046863.835803,0,0,0,0,0,0,0,0,0,50.502000,0.000000,50.551000
222,1609046863.935837,0,0,0,0,0,0,0,0,0,50.118000,0.000000,50.168000
223,1609046864.035865,0,0,0,0,0,0,0,0,0,50.763000,0.000000,50.806000
224,1609046864.135890,0,0,0,0,0,0,0,0,0,50.657000,0.000000,50.703000
225,1609046864.235941,0,0,0,0,0,0,0,0,0,50.544000,0.000000,50.591000
226,1609046864.335992,0,0,0,0,0,0,0,0,0,50.433000,0.000000,50.480000
227,1609046864.436005,0,0,0,0,0,0,0,0,0,50.348000,0.000000,50.395000
228,1609046864.536088,0,0,0,0,0,0,0,0,0,50.697000,0.000000,50.744000
229,1609046864.636085,0,0,0,0,0,0,0,0,0,50.544000,0.000000,50.591000
230,1609046864.736081,0,0,0,0,0,0,0,0,0,50.339000,0.000000,50.386000
231,1609046864.836114,0,0,0,0,0,0,0,0,0,49.994000,0.000000,50.040000
232,1609046864.936191,0,0,0,0,0,0,0,0,0,51.020000,0.000000,51.071000
233,1609046865.036322,0,0,0,0,0,0,0,0,0,50.777000,0.000000,50.822000
234,1609046865.136245,0,0,0,0,0,0,0,0,0,50.359000,0.000000,50.403000
235,1609046865.236317,0,0,0,0,0,0,0,0,0,50.880000,0.000000,50.929000
236,1609046865.336294,0,0,0,0,0,0,0,0,0,50.328000,0.000000,50.373000
237,1609046865.436348,0,0,0,0,0,0,0,0,0,50.882000,0.000000,50.929000
238,1609046865.536347,0,0,0,0,0,0,0,0,0,50.294000,0.000000,50.339000
239,1609046865.636351,0,0,0,0,0,0,0,0,0,50.133000,0.000000,50.177000
240,1609046865.736400,0,0,0,0,0,0,0,0,0,50.926000,0.000000,50.973000
241,1609046865.836467,0,0,0,0,0,0,0,0,0,50.417000,0.000000,50.461000
242,1609046865.936497,0,0,0,0,0,0,0,0,0,50.452000,0.000000,50.496000
243,1609046866.036529,0,0,0,0,0,0,0,0,0,50.434000,0.000000,50.482000
244,1609046866.136630,0,0,0,0,0,0,0,0,0,50.649000,0.000000,50.700000
245,1609046866.236554,0,0,0,0,0,0,0,0,0,50.664000,0.000000,50.718000
246,1609046866.336586,0,0,0,0,0,0,0,0,0,50.906000,0.000000,50.960000
247,1609046866.436657,0,0,0,0,0,0,0,0,0,49.790000,0.000000,49.835000
248,1609046866.536645,0,0,0,0,0,0,0,0,0,50.116000,0.000000,50.164000
249,1609046866.636717,0,0,0,0,0,0,0,0,0,50.269000,0.000000,50.317000
250,1609046866.736802,0,0,0,0,0,0,0,0,0,50.130000,0.000000,50.178000
251,1609046866.836747,0,0,0,0,0,0,0,0,0,50.533000,0.000000,50.584000
252,1609046866.936763,0,0,0,0,0,0,0,0,0,50.420000,0.000000,50.469000
253,1609046867.036847,0,0,0,0,0,0,0,0,0,49.665000,0.000000,49.712000
254,1609046867.137117,0,0,0,0,0,0,0,0,0,50.723000,0.000000,50.775000
255,1609046867.236781,0,0,0,0,0,0,0,0,0,50.575000,0.000000,50.622000
256,1609046867.337108,0,0,0,0,0,0,0,0,0,49.891000,0.000000,49.941000
257,1609046867.436999,0,0,0,0,0,0,0,0,0,50.009000,0.000000,50.060000
258,1609046867.536905,0,0,0,0,0,0,0,0,0,51.171000,0.000000,51.220000
259,1609046867.636983,0,0,0,0,0,0,0,0,0,50.564000,0.000000,50.613000
260,1609046867.737076,0,0,0,0,0,0,0,0,0,50.558000,0.000000,50.605000
261,1609046867.836991,0,0,0,0,0,0,0,0,0,50.396000,0.000000,50.446000
262,1609046867.937101,0,0,0,0,0,0,0,0,0,50.035000,0.000000,50.082000
263,1609046868.037099,0,0,0,0,0,0,0,0,0,50.319000,0.000000,50.365000
264,1609046868.137170,0,0,0,0,0,0,0,0,0,50.253000,0.000000,50.303000
265,1609046868.237257,0,0,0,0,0,0,0,0,0,50.671000,0.000000,50.718000
266,1609046868.337143,0,0,0,0,0,0,0,0,0,51.500000,0.000000,51.547000
267,1609046868.437285,0,0,0,0,0,0,0,0,0,50.233000,0.000000,50.288000
268,1609046868.537269,0,0,0,0,0,0,0,0,0,50.308000,0.000000,50.353000
269,1609046868.637285,0,0,0,0,0,0,0,0,0,49.979000,0.000000,50.024000
270,1609046868.737300,0,0,0,0,0,0,0,0,0,50.482000,0.000000,50.537000
271,1609046868.837324,0,0,0,0,0,0,0,0,0,50.449000,0.000000,50.496000
272,1609046868.937323,0,0,0,0,0,0,0,0,0,50.810000,0.000000,50.856000
273,1609046869.037376,0,0,0,0,0,0,0,0,0,50.501000,0.000000,50.550000
274,1609046869.137383,0,0,0,0,0,0,0,0,0,51.079000,0.000000,51.126000
275,1609046869.237449,0,0,0,0,0,0,0,0,0,50.606000,0.000000,50.653000
276,1609046869.337451,0,0,0,0,0,0,0,0,0,50.266000,0.000000,50.312000
277,1609046869.437496,0,0,0,0,0,0,0,0,0,50.032000,0.000000,50.084000
278,1609046869.537526,0,0,0,0,0,0,0,0,0,50.145000,0.000000,50.199000
279,1609046869.637549,0,0,0,0,0,0,0,0,0,50.193000,0.000000,50.243000
280,1609046869.737618,0,0,0,0,0,0,0,0,0,50.823000,0.000000,50.867000
281,1609046869.837626,0,0,0,0,0,0,0,0,0,51.012000,0.000000,51.077000
282,1609046869.937654,0,0,0,0,0,0,0,0,0,51.289000,0.000000,51.336000
283,1609046870.037676,0,0,0,0,0,0,0,0,0,51.210000,0.000000,51.258000
284,1609046870.137761,0,0,0,0,0,0,0,0,0,50.165000,0.000000,50.209000
285,1609046870.237764,0,0,0,0,0,0,0,0,0,50.432000,0.000000,50.481000
286,1609046870.337757,0,0,0,0,0,0,0,0,0,50.480000,0.000000,50.529000
287,1609046870.437791,0,0,0,0,0,0,0,0,0,50.525000,0.000000,50.575000
288,1609046870.537869,0,0,0,0,0,0,0,0,0,50.285000,0.000000,50.329000
289,1609046870.637866,0,0,0,0,0,0,0,0,0,50.008000,0.000000,50.053000
290,1609046870.737937,0,0,0,0,0,0,0,0,0,50.473000,0.000000,50.522000
291,1609046870.837957,0,0,0,0,0,0,0,0,0,50.801000,0.000000,50.851000
292,1609046870.937971,0,0,0,0,0,0,0,0,0,50.366000,0.000000,50.416000
293,1609046871.037942,0,0,0,0,0,0,0,0,0,50.552000,0.000000,50.603000
294,1609046871.137971,0,0,0,0,0,0,0,0,0,50.840000,0.000000,50.891000
295,1609046871.237996,0,0,0,0,0,0,0,0,0,50.662000,0.000000,50.714000
296,1609046871.338077,0,0,0,0,0,0,0,0,0,50.683000,0.000000,50.734000
297,1609046871.438059,0,0,0,0,0,0,0,0,0,50.439000,0.000000,50.488000
298,1609046871.538187,0,0,0,0,0,0,0,0,0,50.910000,0.000000,50.958000
299,1609046871.638136,0,0,0,0,0,0,0,0,0,49.845000,0.000000,49.895000
300,1609046871.738254,0,0,0,0,0,0,0,0,0,51.158000,0.000000,51.204000
301,1609046871.838211,0,0,0,0,0,0,0,0,0,50.322000,0.000000,50.373000
302,1609046871.938225,0,0,0,0,0,0,0,0,0,50.501000,0.000000,50.548000
303,1609046872.038257,0,0,0,0,0,0,0,0,0,50.904000,0.000000,50.952000
304,1609046872.138359,0,0,0,0,0,0,0,0,0,50.240000,0.000000,50.293000
305,1609046872.238784,0,0,0,0,0,0,0,0,0,50.910000,0.000000,50.957000
306,1609046872.339192,0,0,0,0,0,0,0,0,0,49.857000,0.000000,49.905000
307,1609046872.439040,0,0,0,0,0,0,0,0,0,50.227000,0.000000,50.271000
308,1609046872.538886,0,0,0,0,0,0,0,0,0,50.233000,0.000000,50.280000
309,1609046872.638426,0,0,0,0,0,0,0,0,0,49.990000,0.000000,50.039000
310,1609046872.738467,0,0,0,0,0,0,0,0,0,50.204000,0.000000,50.250000
311,1609046872.838819,0,0,0,0,0,0,0,0,0,50.651000,0.000000,50.700000
312,1609046872.938998,0,0,0,0,0,0,0,0,0,49.959000,0.000000,50.007000
313,1609046873.039158,0,0,0,0,0,0,0,0,0,50.524000,0.000000,50.567000
314,1609046873.138561,0,0,0,0,0,0,0,0,0,50.090000,0.000000,50.139000
315,1609046873.238591,0,0,0,0,0,0,0,0,0,50.711000,0.000000,50.755000
316,1609046873.338634,0,0,0,0,0,0,0,0,0,50.524000,0.000000,50.575000
317,1609046873.439233,0,0,0,0,0,0,0,0,0,50.226000,0.000000,50.271000
318,1609046873.538880,0,0,0,0,0,0,0,0,0,50.563000,0.000000,50.614000
319,1609046873.638720,0,0,0,0,0,0,0,0,0,50.503000,0.000000,50.551000
320,1609046873.738742,0,0,0,0,0,0,0,0,0,50.573000,0.000000,50.621000
321,1609046873.839274,0,0,0,0,0,0,0,0,0,50.887000,0.000000,50.934000
322,1609046873.939104,0,0,0,0,0,0,0,0,0,51.202000,0.000000,51.251000
323,1609046874.038839,0,0,0,0,0,0,0,0,0,50.665000,0.000000,50.708000
324,1609046874.139351,0,0,0,0,0,0,0,0,0,50.500000,0.000000,50.551000
325,1609046874.239298,0,0,0,0,0,0,0,0,0,50.343000,0.000000,50.386000
326,1609046874.338913,0,0,0,0,0,0,0,0,0,50.437000,0.000000,50.481000
327,1609046874.438917,0,0,0,0,0,0,0,0,0,50.688000,0.000000,50.737000
328,1609046874.539326,0,0,0,0,0,0,0,0,0,50.890000,0.000000,50.942000
329,1609046874.639268,0,0,0,0,0,0,0,0,0,49.709000,0.000000,49.753000
330,1609046874.739081,0,0,0,0,0,0,0,0,0,50.258000,0.000000,50.307000
331,1609046874.839672,0,0,0,0,0,0,0,0,0,50.265000,0.000000,50.318000
332,1609046874.939249,0,0,0,0,0,0,0,0,0,50.482000,0.000000,50.533000
333,1609046875.039128,0,0,0,0,0,0,0,0,0,50.637000,0.000000,50.688000
334,1609046875.139138,0,0,0,0,0,0,0,0,0,50.915000,0.000000,50.961000
335,1609046875.239274,0,0,0,0,0,0,0,0,0,50.383000,0.000000,50.433000
336,1609046875.339195,0,0,0,0,0,0,0,0,0,50.469000,0.000000,50.517000
337,1609046875.439359,0,0,0,0,0,0,0,0,0,50.230000,0.000000,50.278000
338,1609046875.539245,0,0,0,0,0,0,0,0,0,50.388000,0.000000,50.432000
339,1609046875.639504,0,0,0,0,0,0,0,0,0,49.630000,0.000000,49.679000
340,1609046875.739338,0,0,0,0,0,0,0,0,0,50.401000,0.000000,50.442000
341,1609046875.839331,0,0,0,0,0,0,0,0,0,49.623000,0.000000,49.671000
342,1609046875.939414,0,0,0,0,0,0,0,0,0,50.305000,0.000000,50.355000
343,1609046876.039448,0,0,0,0,0,0,0,0,0,50.549000,0.000000,50.597000
344,1609046876.139450,0,0,0,0,0,0,0,0,0,50.170000,0.000000,50.219000
345,1609046876.239702,0,0,0,0,0,0,0,0,0,50.057000,0.000000,50.108000
346,1609046876.339514,0,0,0,0,0,0,0,0,0,50.036000,0.000000,50.087000
347,1609046876.439557,0,0,0,0,0,0,0,0,0,50.612000,0.000000,50.661000
348,1609046876.539566,0,0,0,0,0,0,0,0,0,50.400000,0.000000,50.449000
349,1609046876.639561,0,0,0,0,0,0,0,0,0,49.818000,0.000000,49.868000
350,1609046876.739605,0,0,0,0,0,0,0,0,0,50.793000,0.000000,50.844000
351,1609046876.839634,0,0,0,0,0,0,0,0,0,50.709000,0.000000,50.757000
352,1609046876.939681,0,0,0,0,0,0,0,0,0,50.744000,0.000000,50.793000
353,1609046877.039703,0,0,0,0,0,0,0,0,0,50.136000,0.000000,50.186000
354,1609046877.139742,0,0,0,0,0,0,0,0,0,50.606000,0.000000,50.656000
355,1609046877.239758,0,0,0,0,0,0,0,0,0,50.232000,0.000000,50.284000
356,1609046877.339788,0,0,0,0,0,0,0,0,0,50.976000,0.000000,51.028000
357,1609046877.439803,0,0,0,0,0,0,0,0,0,50.721000,0.000000,50.770000
358,1609046877.539833,0,0,0,0,0,0,0,0,0,50.610000,0.000000,50.661000
359,1609046877.639869,0,0,0,0,0,0,0,0,0,50.061000,0.000000,50.112000
360,1609046877.739912,0,0,0,0,0,0,0,0,0,51.000000,0.000000,51.050000
361,1609046877.839928,0,0,0,0,0,0,0,0,0,50.315000,0.000000,50.365000
362,1609046877.939938,0,0,0,0,0,0,0,0,0,50.011000,0.000000,50.058000
363,1609046878.040061,0,0,0,0,0,0,0,0,0,50.064000,0.000000,50.114000
364,1609046878.139979,0,0,0,0,0,0,0,0,0,50.794000,0.000000,50.841000
365,1609046878.240019,0,0,0,0,0,0,0,0,0,49.882000,0.000000,49.930000
366,1609046878.340070,0,0,0,0,0,0,0,0,0,50.314000,0.000000,50.362000
367,1609046878.440094,0,0,0,0,0,0,0,0,0,51.110000,0.000000,51.158000
368,1609046878.540121,0,0,0,0,0,0,0,0,0,50.915000,0.000000,50.963000
369,1609046878.640149,0,0,0,0,0,0,0,0,0,50.477000,0.000000,50.526000
370,1609046878.740229,0,0,0,0,0,0,0,0,0,50.465000,0.000000,50.512000
371,1609046878.840203,0,0,0,0,0,0,0,0,0,51.053000,0.000000,51.101000
372,1609046878.940274,0,0,0,0,0,0,0,0,0,50.214000,0.000000,50.262000
373,1609046879.040284,0,0,0,0,0,0,0,0,0,50.533000,0.000000,50.581000
374,1609046879.140298,0,0,0,0,0,0,0,0,0,51.225000,0.000000,51.273000
375,1609046879.240333,0,0,0,0,0,0,0,0,0,51.261000,0.000000,51.311000
376,1609046879.340397,0,0,0,0,0,0,0,0,0,50.727000,0.000000,50.777000
377,1609046879.440416,0,0,0,0,0,0,0,0,0,50.829000,0.000000,50.879000
378,1609046879.540435,0,0,0,0,0,0,0,0,0,51.170000,0.000000,51.222000
379,1609046879.640478,0,0,0,0,0,0,0,0,0,50.359000,0.000000,50.413000
380,1609046879.740510,0,0,0,0,0,0,0,0,0,50.642000,0.000000,50.691000
381,1609046879.840528,0,0,0,0,0,0,0,0,0,51.348000,0.000000,51.399000
382,1609046879.940577,0,0,0,0,0,0,0,0,0,50.479000,0.000000,50.530000
383,1609046880.040629,0,0,0,0,0,0,0,0,0,50.439000,0.000000,50.489000
384,1609046880.140633,0,0,0,0,0,0,0,0,0,50.425000,0.000000,50.477000
385,1609046880.240686,0,0,0,0,0,0,0,0,0,50.351000,0.000000,50.403000
386,1609046880.340669,0,0,0,0,0,0,0,0,0,50.846000,0.000000,50.898000
387,1609046880.440739,0,0,0,0,0,0,0,0,0,50.139000,0.000000,50.189000
388,1609046880.540746,0,0,0,0,0,0,0,0,0,51.635000,0.000000,51.686000
389,1609046880.640769,0,0,0,0,0,0,0,0,0,51.832000,0.000000,51.883000
390,1609046880.740782,0,0,0,0,0,0,0,0,0,50.660000,0.000000,50.707000
391,1609046880.840835,0,0,0,0,0,0,0,0,0,50.436000,0.000000,50.488000
392,1609046880.940859,0,0,0,0,0,0,0,0,0,50.812000,0.000000,50.861000
393,1609046881.040889,0,0,0,0,0,0,0,0,0,51.238000,0.000000,51.288000
394,1609046881.140916,0,0,0,0,0,0,0,0,0,50.938000,0.000000,50.989000
395,1609046881.240949,0,0,0,0,0,0,0,0,0,50.910000,0.000000,50.961000
396,1609046881.341013,0,0,0,0,0,0,0,0,0,51.188000,0.000000,51.239000
397,1609046881.441004,0,0,0,0,0,0,0,0,0,50.885000,0.000000,50.937000
398,1609046881.541015,0,0,0,0,0,0,0,0,0,50.466000,0.000000,50.517000
399,1609046881.641039,0,0,0,0,0,0,0,0,0,50.040000,0.000000,50.090000
400,1609046881.741121,0,0,0,0,0,0,0,0,0,50.818000,0.000000,50.869000
401,1609046881.841146,0,0,0,0,0,0,0,0,0,50.555000,0.000000,50.605000
402,1609046881.941174,0,0,0,0,0,0,0,0,0,50.691000,0.000000,50.738000
403,1609046882.041139,0,0,0,0,0,0,0,0,0,50.143000,0.000000,50.191000
404,1609046882.141183,0,0,0,0,0,0,0,0,0,50.346000,0.000000,50.394000
405,1609046882.241253,0,0,0,0,0,0,0,0,0,50.545000,0.000000,50.596000
406,1609046882.341309,0,0,0,0,0,0,0,0,0,50.930000,0.000000,50.982000
407,1609046882.441340,0,0,0,0,0,0,0,0,0,50.965000,0.000000,51.018000
408,1609046882.541440,0,0,0,0,0,0,0,0,0,50.951000,0.000000,51.003000
409,1609046882.641447,0,0,0,0,0,0,0,0,0,50.892000,0.000000,50.943000
410,1609046882.741457,0,0,0,0,0,0,0,0,0,50.555000,0.000000,50.618000
411,1609046882.841448,0,0,0,0,0,0,0,0,0,50.459000,0.000000,50.511000
412,1609046882.941489,0,0,0,0,0,0,0,0,0,51.261000,0.000000,51.311000
413,1609046883.041528,0,0,0,0,0,0,0,0,0,50.593000,0.000000,50.667000
414,1609046883.141559,0,0,0,0,0,0,0,0,0,51.002000,0.000000,51.054000
415,1609046883.241569,0,0,0,0,0,0,0,0,0,50.429000,0.000000,50.479000
416,1609046883.341598,0,0,0,0,0,0,0,0,0,50.967000,0.000000,51.019000
417,1609046883.441633,0,0,0,0,0,0,0,0,0,51.328000,0.000000,51.378000
418,1609046883.541683,0,0,0,0,0,0,0,0,0,50.506000,0.000000,50.556000
419,1609046883.641663,0,0,0,0,0,0,0,0,0,50.667000,0.000000,50.716000
420,1609046883.741741,0,0,0,0,0,0,0,0,0,50.327000,0.000000,50.380000
421,1609046883.841669,0,0,0,0,0,0,0,0,0,52.377000,0.000000,52.428000
422,1609046883.941770,0,0,0,0,0,0,0,0,0,50.699000,0.000000,50.752000
423,1609046884.041787,0,0,0,0,0,0,0,0,0,51.118000,0.000000,51.168000
424,1609046884.141837,0,0,0,0,0,0,0,0,0,52.115000,0.000000,52.165000
425,1609046884.241887,0,0,0,0,0,0,0,0,0,50.764000,0.000000,50.816000
426,1609046884.341918,0,0,0,0,0,0,0,0,0,51.653000,0.000000,51.703000
427,1609046884.441939,0,0,0,0,0,0,0,0,0,50.155000,0.000000,50.207000
428,1609046884.541953,0,0,0,0,0,0,0,0,0,51.056000,0.000000,51.117000
429,1609046884.641986,0,0,0,0,0,0,0,0,0,50.860000,0.000000,50.921000
430,1609046884.742014,0,0,0,0,0,0,0,0,0,51.316000,0.000000,51.367000
431,1609046884.842015,0,0,0,0,0,0,0,0,0,51.079000,0.000000,51.131000
432,1609046884.942074,0,0,0,0,0,0,0,0,0,51.057000,0.000000,51.110000
433,1609046885.042132,0,0,0,0,0,0,0,0,0,50.960000,0.000000,51.011000
434,1609046885.142143,0,0,0,0,0,0,0,0,0,51.260000,0.000000,51.308000
435,1609046885.242131,0,0,0,0,0,0,0,0,0,51.393000,0.000000,51.440000
436,1609046885.342201,0,0,0,0,0,0,0,0,0,50.054000,0.000000,50.104000
437,1609046885.442254,0,0,0,0,0,0,0,0,0,51.071000,0.000000,51.122000
438,1609046885.542224,0,0,0,0,0,0,0,0,0,50.808000,0.000000,50.859000
439,1609046885.642263,0,0,0,0,0,0,0,0,0,50.068000,0.000000,50.119000
440,1609046885.742285,0,0,0,0,0,0,0,0,0,50.676000,0.000000,50.727000
441,1609046885.842339,0,0,0,0,0,0,0,0,0,50.759000,0.000000,50.810000
442,1609046885.942359,0,0,0,0,0,0,0,0,0,50.397000,0.000000,50.448000
443,1609046886.042395,0,0,0,0,0,0,0,0,0,51.101000,0.000000,51.153000
444,1609046886.142438,0,0,0,0,0,0,0,0,0,50.440000,0.000000,50.492000
445,1609046886.242422,0,0,0,0,0,0,0,0,0,50.533000,0.000000,50.581000
446,1609046886.342513,0,0,0,0,0,0,0,0,0,51.594000,0.000000,51.644000
447,1609046886.442519,0,0,0,0,0,0,0,0,0,50.986000,0.000000,51.036000
448,1609046886.542567,0,0,0,0,0,0,0,0,0,50.850000,0.000000,50.898000
449,1609046886.642539,0,0,0,0,0,0,0,0,0,50.977000,0.000000,51.027000
450,1609046886.742602,0,0,0,0,0,0,0,0,0,50.377000,0.000000,50.429000
451,1609046886.842596,0,0,0,0,0,0,0,0,0,50.731000,0.000000,50.781000
452,1609046886.942633,0,0,0,0,0,0,0,0,0,50.613000,0.000000,50.663000
453,1609046887.042688,0,0,0,0,0,0,0,0,0,50.944000,0.000000,50.996000
454,1609046887.142701,0,0,0,0,0,0,0,0,0,50.643000,0.000000,50.692000
455,1609046887.242745,0,0,0,0,0,0,0,0,0,50.759000,0.000000,50.810000
456,1609046887.342790,0,0,0,0,0,0,0,0,0,50.817000,0.000000,50.867000
457,1609046887.442811,0,0,0,0,0,0,0,0,0,50.346000,0.000000,50.395000
458,1609046887.542865,0,0,0,0,0,0,0,0,0,50.400000,0.000000,50.445000
459,1609046887.642887,0,0,0,0,0,0,0,0,0,50.293000,0.000000,50.341000
460,1609046887.742920,0,0,0,0,0,0,0,0,0,50.378000,0.000000,50.436000
461,1609046887.842967,0,0,0,0,0,0,0,0,0,51.036000,0.000000,51.085000
462,1609046887.942965,0,0,0,0,0,0,0,0,0,50.275000,0.000000,50.325000
463,1609046888.042984,0,0,0,0,0,0,0,0,0,51.051000,0.000000,51.104000
464,1609046888.143018,0,0,0,0,0,0,0,0,0,51.575000,0.000000,51.623000
465,1609046888.243011,0,0,0,0,0,0,0,0,0,50.265000,0.000000,50.314000
466,1609046888.343057,0,0,0,0,0,0,0,0,0,51.402000,0.000000,51.454000
467,1609046888.443098,0,0,0,0,0,0,0,0,0,51.031000,0.000000,51.080000
468,1609046888.543125,0,0,0,0,0,0,0,0,0,51.409000,0.000000,51.457000
469,1609046888.643129,0,0,0,0,0,0,0,0,0,50.953000,0.000000,51.002000
470,1609046888.743172,0,0,0,0,0,0,0,0,0,50.609000,0.000000,50.660000
471,1609046888.843218,0,0,0,0,0,0,0,0,0,50.336000,0.000000,50.387000
472,1609046888.943157,0,0,0,0,0,0,0,0,0,50.443000,0.000000,50.492000
473,1609046889.043268,0,0,0,0,0,0,0,0,0,51.616000,0.000000,51.665000
474,1609046889.143293,0,0,0,0,0,0,0,0,0,50.628000,0.000000,50.679000
475,1609046889.243336,0,0,0,0,0,0,0,0,0,51.279000,0.000000,51.329000
476,1609046889.343361,0,0,0,0,0,0,0,0,0,51.467000,0.000000,51.518000
477,1609046889.443388,0,0,0,0,0,0,0,0,0,51.044000,0.000000,51.092000
478,1609046889.543412,0,0,0,0,0,0,0,0,0,51.365000,0.000000,51.414000
479,1609046889.643420,0,0,0,0,0,0,0,0,0,74.663000,0.000000,74.719000
480,1609046889.743450,0,0,0,0,0,0,0,0,0,51.699000,0.000000,51.743000
481,1609046889.843527,0,0,0,0,0,0,0,0,0,51.124000,0.000000,51.172000
482,1609046889.943510,0,0,0,0,0,0,0,0,0,50.950000,0.000000,50.995000
483,1609046890.043564,0,0,0,0,0,0,0,0,0,51.028000,0.000000,51.077000
484,1609046890.143584,0,0,0,0,0,0,0,0,0,51.053000,0.000000,51.103000
485,1609046890.243627,0,0,0,0,0,0,0,0,0,50.450000,0.000000,50.500000
486,1609046890.343660,0,0,0,0,0,0,0,0,0,50.942000,0.000000,50.987000
487,1609046890.443693,0,0,0,0,0,0,0,0,0,51.017000,0.000000,51.067000
488,1609046890.543713,0,0,0,0,0,0,0,0,0,50.916000,0.000000,50.968000
489,1609046890.643734,0,0,0,0,0,0,0,0,0,51.359000,0.000000,51.412000
490,1609046890.743746,0,0,0,0,0,0,0,0,0,50.966000,0.000000,51.018000
491,1609046890.843787,0,0,0,0,0,0,0,0,0,50.780000,0.000000,50.823000
492,1609046890.943830,0,0,0,0,0,0,0,0,0,51.041000,0.000000,51.091000
493,1609046891.043875,0,0,0,0,0,0,0,0,0,50.696000,0.000000,50.745000
494,1609046891.143923,0,0,0,0,0,0,0,0,0,50.698000,0.000000,50.749000
495,1609046891.243940,0,0,0,0,0,0,0,0,0,50.789000,0.000000,50.840000
496,1609046891.343962,0,0,0,0,0,0,0,0,0,51.498000,0.000000,51.560000
497,1609046891.443970,0,0,0,0,0,0,0,0,0,50.681000,0.000000,50.748000
498,1609046891.543984,0,0,0,0,0,0,0,0,0,50.758000,0.000000,50.809000
499,1609046891.644047,0,0,0,0,0,0,0,0,0,50.482000,0.000000,50.534000
500,1609046891.744071,0,0,0,0,0,0,0,0,0,50.689000,0.000000,50.741000
501,1609046891.844106,0,0,0,0,0,0,0,0,0,50.798000,0.000000,50.851000
502,1609046891.944149,0,0,0,0,0,0,0,0,0,50.998000,0.000000,51.042000
503,1609046892.044158,0,0,0,0,0,0,0,0,0,51.101000,0.000000,51.145000
504,1609046892.144184,0,0,0,0,0,0,0,0,0,51.370000,0.000000,51.419000
505,1609046892.244210,0,0,0,0,0,0,0,0,0,50.482000,0.000000,50.529000
506,1609046892.344227,0,0,0,0,0,0,0,0,0,51.124000,0.000000,51.166000
507,1609046892.444274,0,0,0,0,0,0,0,0,0,50.389000,0.000000,50.431000
508,1609046892.544305,0,0,0,0,0,0,0,0,0,52.547000,0.000000,52.589000
509,1609046892.644360,0,0,0,0,0,0,0,0,0,50.454000,0.000000,50.502000
510,1609046892.744381,0,0,0,0,0,0,0,0,0,50.460000,0.000000,50.510000
511,1609046892.844383,0,0,0,0,0,0,0,0,0,50.836000,0.000000,50.883000
512,1609046892.944471,0,0,0,0,0,0,0,0,0,51.027000,0.000000,51.071000
513,1609046893.044532,0,0,0,0,0,0,0,0,0,50.589000,0.000000,50.632000
514,1609046893.144478,0,0,0,0,0,0,0,0,0,50.613000,0.000000,50.657000
515,1609046893.244528,0,0,0,0,0,0,0,0,0,50.624000,0.000000,50.668000
516,1609046893.344534,0,0,0,0,0,0,0,0,0,51.201000,0.000000,51.251000
517,1609046893.444565,0,0,0,0,0,0,0,0,0,52.365000,0.000000,52.415000
518,1609046893.544579,0,0,0,0,0,0,0,0,0,50.735000,0.000000,50.784000
519,1609046893.644667,0,0,0,0,0,0,0,0,0,51.057000,0.000000,51.107000
520,1609046893.744666,0,0,0,0,0,0,0,0,0,50.543000,0.000000,50.595000
521,1609046893.844667,0,0,0,0,0,0,0,0,0,51.088000,0.000000,51.137000
522,1609046893.944742,0,0,0,0,0,0,0,0,0,50.647000,0.000000,50.692000
523,1609046894.044723,0,0,0,0,0,0,0,0,0,50.864000,0.000000,50.913000
524,1609046894.144752,0,0,0,0,0,0,0,0,0,50.518000,0.000000,50.564000
525,1609046894.244813,0,0,0,0,0,0,0,0,0,51.484000,0.000000,51.528000
526,1609046894.344802,0,0,0,0,0,0,0,0,0,50.827000,0.000000,50.880000
527,1609046894.444887,0,0,0,0,0,0,0,0,0,51.938000,0.000000,51.980000
528,1609046894.544882,0,0,0,0,0,0,0,0,0,50.654000,0.000000,50.701000
529,1609046894.645486,0,0,0,0,0,0,0,0,0,50.828000,0.000000,50.879000
530,1609046894.744967,0,0,0,0,0,0,0,0,0,50.886000,0.000000,50.937000
531,1609046894.844918,0,0,0,0,0,0,0,0,0,51.217000,0.000000,51.262000
532,1609046894.945026,0,0,0,0,0,0,0,0,0,51.189000,0.000000,51.241000
533,1609046895.045090,0,0,0,0,0,0,0,0,0,50.870000,0.000000,50.921000
534,1609046895.145167,0,0,0,0,0,0,0,0,0,50.992000,0.000000,51.040000
535,1609046895.245084,0,0,0,0,0,0,0,0,0,51.036000,0.000000,51.084000
536,1609046895.345186,0,0,0,0,0,0,0,0,0,50.638000,0.000000,50.682000
537,1609046895.445140,0,0,0,0,0,0,0,0,0,50.783000,0.000000,50.834000
538,1609046895.545224,0,0,0,0,0,0,0,0,0,50.814000,0.000000,50.856000
539,1609046895.645293,0,0,0,0,0,0,0,0,0,50.561000,0.000000,50.610000
540,1609046895.745255,0,0,0,0,0,0,0,0,0,50.627000,0.000000,50.673000
541,1609046895.845323,0,0,0,0,0,0,0,0,0,50.228000,0.000000,50.271000
542,1609046895.945307,0,0,0,0,0,0,0,0,0,51.643000,0.000000,51.685000
543,1609046896.045360,0,0,0,0,0,0,0,0,0,50.313000,0.000000,50.364000
544,1609046896.145436,0,0,0,0,0,0,0,0,0,51.011000,0.000000,51.062000
545,1609046896.245555,0,0,0,0,0,0,0,0,0,50.513000,0.000000,50.553000
546,1609046896.345406,0,0,0,0,0,0,0,0,0,50.434000,0.000000,50.485000
547,1609046896.445460,0,0,0,0,0,0,0,0,0,50.820000,0.000000,50.863000
548,1609046896.545468,0,0,0,0,0,0,0,0,0,50.416000,0.000000,50.466000
549,1609046896.645503,0,0,0,0,0,0,0,0,0,50.396000,0.000000,50.440000
550,1609046896.745613,0,0,0,0,0,0,0,0,0,50.497000,0.000000,50.539000
551,1609046896.845547,0,0,0,0,0,0,0,0,0,51.064000,0.000000,51.109000
552,1609046896.945647,0,0,0,0,0,0,0,0,0,51.974000,0.000000,52.019000
553,1609046897.045639,0,0,0,0,0,0,0,0,0,50.420000,0.000000,50.472000
554,1609046897.145757,0,0,0,0,0,0,0,0,0,50.612000,0.000000,50.659000
555,1609046897.245693,0,0,0,0,0,0,0,0,0,51.020000,0.000000,51.061000
556,1609046897.345691,0,0,0,0,0,0,0,0,0,50.397000,0.000000,50.446000
557,1609046897.445698,0,0,0,0,0,0,0,0,0,50.883000,0.000000,50.932000
558,1609046897.545760,0,0,0,0,0,0,0,0,0,50.532000,0.000000,50.574000
559,1609046897.645924,0,0,0,0,0,0,0,0,0,51.376000,0.000000,51.422000
560,1609046897.745848,0,0,0,0,0,0,0,0,0,50.808000,0.000000,50.854000
561,1609046897.845854,0,0,0,0,0,0,0,0,0,51.364000,0.000000,51.414000
562,1609046897.945909,0,0,0,0,0,0,0,0,0,50.845000,0.000000,50.892000
563,1609046898.045937,0,0,0,0,0,0,0,0,0,50.369000,0.000000,50.418000
564,1609046898.145912,0,0,0,0,0,0,0,0,0,50.678000,0.000000,50.738000
565,1609046898.245960,0,0,0,0,0,0,0,0,0,50.409000,0.000000,50.450000
566,1609046898.345963,0,0,0,0,0,0,0,0,0,51.217000,0.000000,51.265000
567,1609046898.445999,0,0,0,0,0,0,0,0,0,50.919000,0.000000,50.961000
568,1609046898.546088,0,0,0,0,0,0,0,0,0,50.616000,0.000000,50.663000
569,1609046898.646059,0,0,0,0,0,0,0,0,0,51.236000,0.000000,51.285000
570,1609046898.746114,0,0,0,0,0,0,0,0,0,50.476000,0.000000,50.538000
571,1609046898.846576,0,0,0,0,0,0,0,0,0,50.436000,0.000000,50.482000
572,1609046898.946593,0,0,0,0,0,0,0,0,0,52.324000,0.000000,52.371000
573,1609046899.046779,0,0,0,0,0,0,0,0,0,50.758000,0.000000,50.803000
574,1609046899.146219,0,0,0,0,0,0,0,0,0,50.288000,0.000000,50.337000
575,1609046899.247087,0,0,0,0,0,0,0,0,0,50.071000,0.000000,50.117000
576,1609046899.346298,0,0,0,0,0,0,0,0,0,51.264000,0.000000,51.310000
