frame_id,timestamp,tracked_features,mature_features,triangulated_features,stereo_anchored_features,parallax,solver_iterations,solver_time_ms,backend_total_time_ms,final_cost,converged,cost_marg,cost_imu,cost_temporal,cost_stereo,cost_cross_cam,velocity_norm,accel_bias_norm,gyro_bias_norm,estimator_total_time_ms,failure_reason
0,1413393212.805760,132,130,136,121,0.119086,13,34.587,34.588,682.377539,0,0.000000,12.465912,187.402121,86.192630,396.316875,0.011666,0.046380,0.089460,37.798,0
1,1413393212.855761,133,130,141,123,0.162270,13,24.514,24.515,570.576273,0,0.000000,13.335834,182.113675,75.426264,299.700500,0.011223,0.042081,0.089555,27.422,0
2,1413393212.905761,135,130,141,123,0.166304,13,27.659,27.659,571.875375,0,0.000000,14.766675,180.375104,75.439377,301.294219,0.009489,0.036753,0.089290,30.763,0
3,1413393212.955760,135,130,141,123,0.061394,13,21.696,21.697,573.819633,0,0.000000,15.911538,179.322360,75.449014,303.136721,0.009974,0.034057,0.089043,24.368,0
4,1413393213.005760,135,130,141,123,0.129293,13,24.543,24.544,575.813044,0,0.000000,17.186063,178.083335,75.430981,305.112665,0.008220,0.031544,0.088817,27.673,0
5,1413393213.055760,135,130,141,123,0.123276,13,21.129,21.130,578.923174,0,0.000000,18.108189,177.391000,75.436074,307.987911,0.007320,0.029914,0.088653,24.455,0
6,1413393213.105761,135,130,141,123,0.125075,13,24.658,24.659,579.964027,0,0.000000,18.374586,177.258508,75.435805,308.895128,0.007148,0.030077,0.088529,27.869,0
7,1413393213.155761,135,130,141,123,0.162039,13,31.199,31.200,577.869104,0,0.000000,15.799013,180.747032,75.422935,305.900124,0.011080,0.034677,0.088522,34.078,0
8,1413393213.205760,135,116,127,123,0.138744,13,36.980,36.981,554.848811,0,0.000000,14.564567,185.457991,75.416334,279.409919,0.009494,0.042884,0.087102,39.628,0
9,1413393213.255760,121,116,127,123,0.096545,3,14.914,14.914,551.344791,1,0.000000,13.690366,185.043021,75.406183,277.205221,0.014182,0.044562,0.087516,17.515,0
10,1413393213.305760,135,116,141,123,0.073496,3,14.752,14.753,551.894949,1,0.000000,14.056196,184.689065,75.422761,277.726927,0.011962,0.042897,0.087473,17.705,0
11,1413393213.405761,135,116,141,123,0.153898,3,14.580,14.581,552.399482,1,0.000000,14.697110,183.498188,75.429293,278.774891,0.011377,0.040441,0.087381,17.694,0
12,1413393213.505760,135,116,141,123,0.098626,3,13.453,13.454,553.889986,1,0.000000,15.294220,182.665603,75.414777,280.515385,0.011161,0.038522,0.087344,16.506,0
13,1413393213.605761,135,116,141,123,0.152892,3,14.810,14.811,554.423176,1,0.000000,15.772253,182.279985,75.406433,280.964506,0.010981,0.036964,0.087344,17.948,0
14,1413393213.705760,135,116,141,123,0.124039,3,14.298,14.299,553.631495,1,0.000000,16.187327,181.402653,75.411162,280.630354,0.009917,0.035571,0.087305,17.191,0
15,1413393213.805760,135,116,141,123,0.137321,3,15.043,15.044,553.765796,1,0.000000,16.354220,181.130559,75.418265,280.862752,0.008423,0.034877,0.087255,17.976,0
16,1413393213.905761,135,116,141,123,0.137781,3,14.429,14.430,555.462088,1,0.000000,16.650354,180.419046,75.417574,282.975114,0.010509,0.034124,0.087188,17.326,0
17,1413393214.005760,135,116,141,123,0.120622,3,14.928,14.929,555.458354,1,0.000000,17.102753,179.913175,75.409432,283.032993,0.018369,0.033122,0.087164,17.867,0
18,1413393214.105761,135,116,141,123,0.253163,3,14.087,14.088,554.542237,1,0.000000,17.620318,179.900057,75.402971,281.618891,0.011029,0.032452,0.087191,17.026,0
19,1413393214.205760,135,116,141,123,0.328370,3,14.851,14.851,554.935212,1,0.000000,17.377756,179.342432,75.401608,282.813416,0.009070,0.032529,0.087153,17.887,0
20,1413393214.305760,135,116,141,123,0.214490,3,14.657,14.657,554.808258,1,0.000000,17.624595,178.858438,75.408792,282.916433,0.008801,0.032163,0.087129,17.503,0
21,1413393214.405761,135,116,141,123,0.141318,3,14.237,14.238,554.099194,1,0.000000,17.716747,178.717821,75.409410,282.255215,0.006609,0.031941,0.087073,17.101,0
22,1413393214.505760,135,116,141,123,0.120366,3,14.712,14.713,555.496980,1,0.000000,17.923747,178.894058,75.403303,283.275871,0.006470,0.031507,0.087047,17.589,0
23,1413393214.605761,135,116,141,123,0.105946,3,14.982,14.983,555.423549,1,0.000000,17.910727,179.003409,75.407993,283.101420,0.006850,0.031520,0.087033,17.881,0
24,1413393214.705760,135,116,141,123,0.121708,3,14.838,14.838,555.036568,1,0.000000,18.177255,178.836903,75.409268,282.613143,0.006719,0.031122,0.087026,17.709,0
25,1413393214.805760,135,116,141,123,0.177187,3,14.735,14.736,558.974358,1,0.000000,18.240497,178.894009,75.387994,286.451859,0.007556,0.031000,0.087041,17.842,0
26,1413393214.905761,135,116,141,123,0.150065,3,14.666,14.667,559.649572,1,0.000000,18.370565,178.708641,75.385716,287.184650,0.009130,0.030732,0.087037,17.559,0
27,1413393215.005760,135,116,141,123,0.125166,3,14.387,14.388,557.121939,1,0.000000,18.636061,178.611803,75.397656,284.476419,0.010592,0.030312,0.087008,17.305,0
28,1413393215.105761,135,116,141,123,0.114440,3,14.564,14.564,556.552277,1,0.000000,18.733548,178.519615,75.396789,283.902325,0.012654,0.030208,0.086977,17.445,0
29,1413393215.205760,135,116,141,123,0.383361,3,14.970,14.970,555.489305,1,0.000000,18.695062,177.917956,75.404341,283.471946,0.009536,0.030262,0.086907,17.861,0
30,1413393215.305760,135,116,141,123,0.319430,3,14.316,14.317,555.293357,1,0.000000,18.910814,177.385744,75.403691,283.593108,0.009134,0.029959,0.086896,17.195,0
31,1413393215.405761,135,116,141,123,0.268343,3,15.061,15.061,555.792530,1,0.000000,18.954091,177.691581,75.403680,283.743178,0.008627,0.029877,0.086901,18.016,0
32,1413393215.505760,134,116,147,129,0.426563,3,14.451,14.452,557.095684,1,0.000000,19.056688,178.333544,75.402416,284.303036,0.009569,0.029758,0.086881,17.347,0
33,1413393215.605761,140,116,147,129,0.740974,3,14.945,14.946,557.142799,1,0.000000,18.993942,178.087310,75.412974,284.648574,0.013250,0.029842,0.086856,17.810,0
34,1413393215.705760,140,116,147,129,0.868741,3,14.445,14.445,556.715275,1,0.000000,18.864303,177.991206,75.414502,284.445263,0.002199,0.030089,0.086840,17.343,0
35,1413393215.805760,137,116,149,131,1.769873,2,11.440,11.441,556.429178,1,0.000000,18.712229,178.466319,75.402777,283.847853,0.005247,0.030192,0.086839,14.373,0
36,1413393215.905761,141,116,149,131,2.764021,2,11.285,11.286,555.380666,1,0.000000,18.498510,178.109127,75.406030,283.367000,0.006558,0.030627,0.086821,14.098,0
37,1413393216.005760,141,116,150,132,3.190387,2,11.349,11.350,555.142885,1,0.000000,18.699704,177.592990,75.401109,283.449082,0.003177,0.030280,0.086801,13.988,0
38,1413393216.105761,141,116,150,132,3.149467,3,14.141,14.142,555.865713,1,0.000000,18.496150,178.595489,75.396007,283.378068,0.011893,0.030839,0.086779,16.965,0
39,1413393216.205760,142,116,150,132,3.164171,3,14.662,14.663,556.833574,1,0.000000,18.581522,179.040638,75.395444,283.815969,0.008744,0.030795,0.086775,17.612,0
40,1413393216.305760,138,116,160,142,2.959103,2,11.133,11.134,557.175356,1,0.000000,19.222449,178.756027,75.396628,283.800253,0.012053,0.030335,0.086785,13.929,0
41,1413393216.405761,143,116,164,146,5.356705,13,44.227,44.228,556.757513,0,0.000000,18.988415,179.559455,75.403552,282.806090,0.010351,0.032238,0.086762,47.018,0
42,1413393216.505760,148,116,171,154,6.448038,13,44.403,44.404,555.958650,0,0.000000,19.126940,178.713110,75.408765,282.709836,0.019128,0.040372,0.086726,47.322,0
43,1413393216.605761,153,115,170,152,8.316232,13,44.232,44.233,558.278757,0,0.000000,19.399892,179.723646,75.418785,283.736435,0.031592,0.054551,0.086697,47.235,0
44,1413393216.705760,154,115,180,162,9.925604,3,14.058,14.059,525.808556,1,0.000000,18.764632,173.372652,72.419709,261.251562,0.028062,0.054602,0.086625,16.993,0
45,1413393216.805760,161,115,206,189,9.561737,12,45.193,45.194,527.860270,0,0.000000,19.405551,175.674507,72.417886,260.362326,0.072150,0.088737,0.086645,47.812,0
46,1413393216.905761,174,115,240,221,12.157674,11,36.270,49.765,532.741822,0,0.000000,20.147793,177.589986,72.437534,262.566509,0.116798,0.140990,0.086579,52.414,0
47,1413393217.005760,201,114,257,233,6.408154,13,43.050,44.969,1003.998508,0,471.001062,31.101563,148.482688,75.373459,278.039737,0.158999,0.297713,0.086516,48.657,0
48,1413393217.105761,216,114,273,244,10.669784,12,36.441,49.387,1011.297349,0,469.863448,34.042429,152.638796,75.384401,279.368275,0.284256,0.470637,0.086470,51.998,0
49,1413393217.205760,213,114,280,248,2.117136,11,43.093,45.038,1801.324000,0,947.645132,39.600391,198.418616,170.292248,445.367613,0.300403,0.722925,0.086340,49.212,0
50,1413393217.305760,207,114,303,271,4.354464,11,43.889,43.890,1720.690915,0,945.419336,37.951177,191.208069,165.473515,380.638818,0.266636,0.920959,0.086343,47.125,0
51,1413393217.405761,232,114,313,276,7.623165,12,42.523,42.525,1721.242503,0,945.692507,37.221254,188.292110,164.704575,385.332056,0.265849,1.088109,0.086319,46.110,0
52,1413393217.505760,229,114,317,277,8.970007,12,45.832,45.833,1731.080134,0,946.042317,36.464016,192.880109,165.432288,390.261403,0.279599,1.167464,0.086308,49.553,0
53,1413393217.605761,235,169,327,285,10.486769,10,36.038,48.699,1702.880388,0,946.437788,34.709766,188.421209,139.581276,393.730349,0.306486,1.200362,0.086333,51.609,0
54,1413393217.705760,230,166,339,300,3.093946,5,22.508,25.324,2356.535109,1,1414.225685,35.032980,243.722218,170.132063,493.422163,0.354898,1.199071,0.086294,29.016,0
55,1413393217.805760,233,163,357,312,6.763856,12,43.462,43.464,2321.405084,0,1413.180211,36.330193,234.986251,161.211629,475.696800,0.419033,1.147323,0.086316,46.866,0
56,1413393217.905761,239,194,371,332,11.975997,10,35.844,48.397,2357.159411,0,1413.558361,38.648034,236.985965,158.115215,509.851836,0.476410,1.064478,0.086320,51.504,0
57,1413393218.005760,238,192,378,342,6.410579,12,46.092,48.097,3071.663612,0,1877.366624,40.954891,312.534731,173.077777,667.729589,0.485323,0.839158,0.086352,54.003,0
58,1413393218.105761,238,229,395,357,13.607424,12,37.391,51.290,2980.262182,0,1876.997011,39.506468,296.654490,166.424487,600.679727,0.452231,0.846261,0.086345,56.190,0
59,1413393218.205760,238,223,405,365,9.553086,12,45.999,48.753,3755.440497,0,2324.313781,42.408571,368.413672,203.812254,816.492218,0.430058,0.831034,0.086314,53.410,0
60,1413393218.305760,241,236,420,379,22.577027,5,24.436,35.905,3529.930053,1,2323.118329,42.267588,315.285217,183.875649,665.383270,0.409788,0.843264,0.086311,39.548,0
61,1413393218.405761,252,249,420,380,12.387029,9,37.583,48.733,4150.082164,1,2743.095440,42.802859,394.753975,204.254922,765.174967,0.379731,0.875931,0.086316,57.550,0
62,1413393218.505760,239,246,431,389,3.962412,10,24.114,26.099,4658.259801,1,3109.587208,42.000246,462.189771,201.217299,843.265278,0.384873,0.916517,0.086371,30.882,0
63,1413393218.605761,229,242,449,407,9.639306,11,45.176,45.177,4644.731655,0,3108.745281,42.649591,479.527833,195.935250,817.873701,0.405282,0.956470,0.086439,50.757,0
64,1413393218.705760,243,250,444,402,15.087411,9,35.790,44.666,4617.870960,0,3109.180351,42.013219,481.824146,192.291531,792.561713,0.416817,0.963438,0.086482,49.407,0
65,1413393218.805760,233,244,453,409,3.775143,9,39.567,41.938,5286.601854,1,3437.234610,42.152166,582.640629,270.498745,954.075704,0.435519,0.994948,0.086515,46.464,0
66,1413393218.905761,228,249,468,419,13.545473,9,35.735,44.034,5098.843342,0,3433.933257,41.377829,536.181935,259.625432,827.724890,0.435461,0.965600,0.086456,47.921,0
67,1413393219.005760,243,260,433,388,20.057318,13,34.190,48.314,5576.429848,0,3730.810642,24.215753,632.082306,276.454411,912.866736,0.383674,0.972773,0.086447,52.503,0
68,1413393219.105761,229,264,408,361,14.283237,8,35.844,52.347,5930.810394,0,4055.911961,23.531684,640.676444,274.395610,936.294696,0.325073,0.909729,0.086433,58.054,0
69,1413393219.205760,242,262,419,358,6.068008,10,47.582,50.859,6277.033913,0,4466.572355,22.104925,593.802825,313.178821,881.374987,0.286212,0.869831,0.086445,55.120,0
70,1413393219.305760,247,257,433,360,9.730992,5,27.837,27.838,6230.917196,1,4464.972902,23.657135,573.130185,287.816290,881.340685,0.247218,0.832679,0.086440,32.480,0
71,1413393219.405761,245,263,409,347,14.923592,5,28.392,48.537,6147.350431,1,4465.776154,26.291121,542.590327,283.377951,829.314878,0.214835,0.777913,0.086442,52.900,0
72,1413393219.505760,245,262,414,347,5.488500,8,28.144,30.843,6613.550175,1,4957.121295,34.271489,497.062196,273.853337,851.241857,0.147827,0.713238,0.086425,35.549,0
73,1413393219.605761,256,262,421,350,9.725309,3,21.185,21.186,6626.864139,1,4959.242647,42.028255,506.545482,273.930302,845.117453,0.121984,0.671178,0.086421,25.769,0
74,1413393219.705760,254,243,398,344,14.374824,9,26.546,48.239,6656.537609,1,4962.990832,48.702993,511.757414,274.144413,858.941956,0.147368,0.630856,0.086401,53.697,0
75,1413393219.805760,252,241,392,340,7.080176,9,45.332,48.877,7352.051368,0,5535.827884,66.813646,544.649453,273.286951,931.473434,0.233211,0.599153,0.086361,52.931,0
76,1413393219.905761,247,259,391,340,17.216764,6,36.353,55.170,7254.822680,1,5534.123326,66.816361,528.718924,263.778075,861.385994,0.360948,0.640475,0.086396,60.941,0
77,1413393220.005760,250,257,391,340,8.022739,7,40.155,42.971,7974.911093,1,6098.433877,73.020333,583.129978,276.923618,943.403288,0.313199,0.633198,0.086398,48.037,0
78,1413393220.105761,243,258,366,324,16.404338,5,32.315,53.397,7916.591844,1,6096.364883,74.926864,577.956178,270.381038,896.962881,0.247001,0.636525,0.086423,59.104,0
79,1413393220.205760,255,257,366,324,6.464124,5,31.238,34.588,8598.697198,1,6671.796224,76.949992,639.322396,266.874637,943.753948,0.249228,0.611443,0.086430,39.725,0
80,1413393220.305760,250,257,356,312,11.462516,4,28.280,48.178,8624.211019,1,6669.420985,79.360176,659.174012,267.571119,948.684727,0.267084,0.605258,0.086441,53.437,0
81,1413393220.405761,252,255,354,311,4.875036,7,45.881,48.282,9152.920378,1,7232.366913,90.640131,677.081720,212.408926,940.422688,0.282850,0.601484,0.086419,53.240,0
82,1413393220.505760,248,255,361,312,8.935608,4,29.389,29.390,9025.649845,1,7227.886094,92.851645,608.931324,182.003540,913.977242,0.259588,0.605136,0.086419,34.646,0
83,1413393220.605761,248,254,362,315,9.664606,4,29.473,29.474,9065.887979,1,7228.147943,94.323450,628.392635,182.550333,932.473618,0.175803,0.605745,0.086411,35.359,0
84,1413393220.705760,255,253,363,319,9.467658,3,23.304,23.305,9090.810228,1,7227.933435,92.157025,642.620761,182.888833,945.210175,0.106358,0.604530,0.086400,29.440,0
85,1413393220.805760,253,246,342,298,12.058700,4,27.882,52.133,9074.995008,1,7227.425292,86.574932,637.375260,183.064838,940.554685,0.117562,0.598588,0.086396,57.759,0
86,1413393220.905761,255,242,338,296,7.481779,5,34.133,38.279,9852.092001,1,7870.572341,91.764505,719.357291,189.578429,980.819434,0.123512,0.603591,0.086389,42.968,0
87,1413393221.005760,251,244,330,290,13.735826,4,27.287,51.292,9742.740332,1,7867.478157,93.010275,654.288994,178.604459,949.358447,0.189713,0.599187,0.086391,57.137,0
88,1413393221.105761,255,241,327,288,1.610094,4,29.127,31.771,10594.340885,1,8555.847249,100.643839,710.449738,187.708802,1039.691258,0.236152,0.600127,0.086415,37.043,0
89,1413393221.205760,252,240,329,290,3.251118,5,36.558,36.559,10589.581129,1,8557.637683,112.217462,681.004933,189.410158,1049.310894,0.267775,0.610042,0.086404,43.458,0
90,1413393221.305760,248,240,333,293,5.949476,6,40.207,40.209,10601.287067,1,8561.235509,124.088696,690.361765,187.225963,1038.375133,0.253575,0.624649,0.086404,46.199,0
91,1413393221.405761,248,240,340,298,8.439163,6,41.636,41.638,10638.471453,1,8563.426106,134.313698,707.587036,186.110403,1047.034210,0.297291,0.647584,0.086410,47.370,0
92,1413393221.505760,249,247,321,291,10.168508,6,39.976,65.755,10641.952005,1,8565.765742,143.914421,706.655393,186.729904,1038.886546,0.227584,0.675376,0.086414,72.264,0
93,1413393221.605761,244,243,327,297,4.057188,9,28.840,31.615,11507.974812,1,9269.780383,168.666664,830.184992,151.648439,1087.694334,0.194388,0.724413,0.086466,36.960,0
94,1413393221.705760,245,242,337,308,8.329176,4,27.835,27.837,11477.437158,1,9272.755251,179.022041,805.817949,150.455744,1069.386171,0.220627,0.763565,0.086486,33.491,0
95,1413393221.805760,251,240,333,307,14.058701,4,28.027,52.945,11474.415231,1,9276.015120,184.613276,803.486840,149.904554,1060.395441,0.228598,0.789398,0.086499,58.810,0
96,1413393221.905761,251,253,320,301,11.158533,6,36.602,67.305,12113.894653,0,9974.995647,206.942381,719.162998,163.019469,1049.774159,0.214364,0.817043,0.086499,72.593,0
97,1413393222.005760,252,251,320,302,6.896021,7,48.270,51.940,12947.828417,0,10805.894248,192.052758,697.002551,187.947020,1064.931841,0.156295,0.816831,0.086463,57.798,0
98,1413393222.105761,251,266,312,298,11.647411,4,33.597,65.260,12925.884213,1,10808.404094,195.865378,683.113060,186.278606,1052.223075,0.136321,0.808643,0.086447,71.683,0
99,1413393222.205760,251,265,314,298,3.954231,9,33.259,38.240,13831.894791,1,11714.659697,197.717410,712.856677,204.763665,1001.897342,0.197546,0.771792,0.086405,44.259,0
100,1413393222.305760,251,263,316,298,4.977685,8,27.180,27.182,13806.580416,1,11719.673608,203.438986,697.064307,202.363004,984.040511,0.260900,0.750631,0.086383,33.543,0
101,1413393222.405761,250,263,323,303,7.983397,8,27.064,27.065,13797.345138,1,11723.728210,208.236486,697.745966,200.500281,967.134195,0.249443,0.733124,0.086368,33.458,0
102,1413393222.505760,253,263,319,302,18.762909,8,27.203,58.762,13804.407244,1,11728.006257,213.425220,697.197001,200.369238,965.409529,0.219004,0.713869,0.086352,65.010,0
103,1413393222.605761,251,262,323,306,8.820200,7,47.111,50.181,14674.133549,0,12620.681668,215.638944,680.675312,208.037059,949.100566,0.190855,0.684678,0.086333,55.740,0
104,1413393222.705760,253,258,320,305,13.110133,3,26.107,59.487,14647.364751,1,12623.152261,216.950913,668.376180,207.405513,931.479884,0.229849,0.669515,0.086322,65.747,0
105,1413393222.805760,255,257,320,304,2.136282,7,45.504,48.861,15650.344072,0,13520.607261,215.390983,706.787822,208.666697,998.891310,0.304774,0.630573,0.086309,55.263,0
106,1413393222.905761,254,257,322,307,5.348013,4,32.398,32.400,15675.216083,1,13522.863340,217.747885,715.102540,209.765784,1009.736534,0.376848,0.604265,0.086299,38.902,0
107,1413393223.005760,255,257,323,308,8.923736,4,32.295,32.296,15720.648564,1,13525.643822,218.126760,736.955554,210.945001,1028.977426,0.444106,0.579113,0.086280,39.231,0
108,1413393223.105761,256,256,315,301,12.313925,4,31.633,63.977,15774.912956,1,13528.078859,218.488966,765.979002,212.163581,1050.202547,0.498453,0.544639,0.086277,70.478,0
109,1413393223.205760,250,257,304,291,11.489484,6,40.476,72.761,16669.113106,1,14502.604517,205.137378,652.548570,214.974523,1093.848118,0.538221,0.540964,0.086254,79.594,0
110,1413393223.305760,249,257,295,282,10.826554,6,40.313,73.868,17781.371436,0,15496.142181,170.249500,753.459265,213.977073,1147.543417,0.535868,0.537432,0.086235,80.873,0
111,1413393223.405761,234,250,299,288,10.094108,5,36.760,74.159,18545.409036,1,16478.403232,112.221334,614.527226,207.292231,1132.965012,0.527497,0.522011,0.086232,80.593,0
112,1413393223.505760,243,249,304,292,9.145062,5,39.263,43.674,19650.201715,1,17600.351978,106.681290,595.021854,211.345354,1136.801240,0.579679,0.496960,0.086229,50.395,0
113,1413393223.605761,236,249,309,297,18.148425,5,38.491,75.835,19604.808107,1,17602.266482,107.778802,581.971206,203.754301,1109.037316,0.648620,0.480690,0.086228,83.378,0
114,1413393223.705760,245,249,319,300,7.931175,5,36.645,42.427,20857.589518,1,18759.306850,109.702075,640.448328,210.323205,1137.809059,0.649387,0.472157,0.086235,48.564,0
115,1413393223.805760,244,252,315,298,12.084171,4,34.063,70.780,20887.675726,1,18758.773467,110.215983,656.796963,210.216892,1151.672420,0.582779,0.466548,0.086250,77.949,0
116,1413393223.905761,240,250,316,300,3.962667,6,42.725,47.982,22205.755787,1,19903.983864,112.916831,698.201492,241.899900,1248.753700,0.539673,0.470655,0.086253,53.384,0
117,1413393224.005760,231,249,323,304,7.189265,4,33.478,33.480,22110.677565,1,19905.297326,112.857359,665.733679,227.445807,1199.343394,0.533638,0.466685,0.086266,42.084,0
118,1413393224.105761,237,262,329,311,11.354932,4,33.164,68.414,22132.027375,1,19908.022596,113.316816,676.627312,227.465431,1206.595221,0.529347,0.464823,0.086274,75.441,0
119,1413393224.205760,236,258,329,311,5.400528,5,39.022,44.695,23342.389645,1,20977.672232,102.210989,792.859204,237.426880,1232.220341,0.532956,0.474755,0.086289,50.059,0
120,1413393224.305760,222,266,335,326,10.549607,4,33.476,70.148,23278.708653,1,20974.380853,101.633800,742.117574,232.043546,1228.532881,0.560632,0.475483,0.086284,77.255,0
121,1413393224.405761,234,260,336,321,5.604157,5,33.807,38.985,24569.621085,1,21999.975323,92.224383,901.306049,229.879839,1346.235490,0.612477,0.491842,0.086317,44.541,0
122,1413393224.505760,216,259,347,331,8.798977,5,35.046,35.048,24390.282420,1,21998.336382,92.430725,855.944385,221.908808,1221.662120,0.653411,0.493902,0.086304,42.297,0
123,1413393224.605761,223,267,361,343,11.868381,4,30.682,67.523,24445.280016,1,22001.323509,95.701784,879.550092,220.433213,1248.271418,0.667312,0.498049,0.086285,73.699,0
124,1413393224.705760,223,261,372,349,9.600020,5,32.925,37.978,25432.301917,1,22970.780214,100.375403,767.024948,227.157217,1366.964135,0.594585,0.532197,0.086303,43.506,0
125,1413393224.805760,206,243,393,374,22.575283,6,36.881,71.216,25323.321021,0,22964.946252,95.504820,751.524041,222.540690,1288.805217,0.518845,0.519553,0.086301,77.845,0
126,1413393224.905761,223,239,407,373,16.722755,8,39.530,72.090,26329.175300,0,23853.554574,87.161227,781.346341,231.388901,1375.724258,0.410517,0.515351,0.086289,76.666,0
127,1413393225.005760,229,232,405,370,14.016320,8,40.366,69.500,26967.856261,0,24627.009966,88.160650,766.705131,224.924052,1261.056463,0.321838,0.480669,0.086255,74.669,0
128,1413393225.105761,242,241,396,359,10.667103,5,29.421,55.930,27716.548997,1,25319.464110,106.981376,794.424657,221.950676,1273.728178,0.302114,0.453322,0.086214,60.359,0
129,1413393225.205760,244,239,407,369,6.053983,4,25.867,29.910,28333.370098,1,25973.318153,131.229207,748.205090,215.778370,1264.839279,0.318554,0.426466,0.086198,36.607,0
130,1413393225.305760,248,239,413,377,8.313285,5,31.712,31.713,28319.335909,1,25967.600143,142.100460,759.605857,212.430666,1237.598783,0.321471,0.391792,0.086203,36.599,0
131,1413393225.405761,252,228,387,358,11.162414,5,31.012,54.233,28384.959242,1,25967.453065,156.056131,790.752654,212.060756,1258.636636,0.312645,0.365095,0.086198,59.145,0
132,1413393225.505760,221,222,405,376,7.796694,9,49.590,53.664,29036.370365,0,26587.362656,192.251268,803.397760,206.515893,1246.842789,0.300367,0.363717,0.086202,57.914,0
133,1413393225.605761,228,220,413,383,22.390160,4,25.355,43.613,28912.394012,1,26586.467737,192.997779,764.280827,192.725080,1175.922589,0.301358,0.362265,0.086191,48.366,0
134,1413393225.705760,234,224,393,370,22.203101,6,33.646,53.775,29598.383016,1,27183.336149,184.723317,801.929372,195.919896,1232.474282,0.286471,0.373167,0.086175,58.183,0
135,1413393225.805760,225,227,392,367,29.478096,7,36.774,55.161,30129.345652,1,27720.035066,182.357484,853.011821,200.016038,1173.925243,0.280735,0.353272,0.086154,60.547,0
136,1413393225.905761,224,243,394,368,35.181856,8,36.857,56.389,30606.431812,0,28242.940616,182.785554,788.427923,220.172333,1172.105386,0.239919,0.293386,0.086123,62.515,0
137,1413393226.005760,226,249,387,361,39.007790,6,32.189,53.385,30957.423155,1,28794.218301,170.513209,715.371850,219.837157,1057.482638,0.320410,0.226191,0.086118,58.337,0
138,1413393226.105761,204,246,396,371,37.413162,5,30.374,53.458,31410.068639,1,29367.450395,158.562007,622.571882,222.346690,1039.137665,0.319103,0.169523,0.086108,57.899,0
139,1413393226.205760,236,250,403,369,30.126288,5,28.686,51.260,32012.360217,1,29897.735233,149.456171,658.179319,209.889364,1097.100130,0.263992,0.130249,0.086093,56.264,0
140,1413393226.305760,221,245,384,347,23.829381,8,38.436,61.915,32533.045958,0,30361.103665,145.539178,713.706911,206.886699,1105.809506,0.256583,0.112021,0.086085,68.243,0
141,1413393226.405761,234,252,386,336,16.391852,7,38.076,59.822,33024.293325,1,30866.568797,96.072998,666.461289,217.259376,1177.930865,0.261316,0.108944,0.086080,66.744,0
142,1413393226.505760,240,239,381,317,11.456810,6,37.088,59.704,33355.063128,1,31332.039183,62.756738,684.881786,197.300113,1078.085308,0.298992,0.110507,0.086068,65.903,0
143,1413393226.605761,238,250,368,299,10.203966,6,35.175,58.836,33705.201784,1,31820.481406,62.716389,651.198075,173.448554,997.357361,0.334926,0.111688,0.086070,64.250,0
144,1413393226.705760,242,248,377,302,7.183775,4,28.987,33.200,34213.455805,1,32289.141129,60.499773,655.619047,188.229922,1019.965934,0.363339,0.111334,0.086087,38.322,0
145,1413393226.805760,242,245,386,303,9.210268,4,26.950,26.951,34060.554899,1,32285.414550,62.013675,611.512478,159.696396,941.917800,0.380564,0.111510,0.086090,31.937,0
146,1413393226.905761,229,236,378,298,12.299221,4,26.755,47.882,34053.712995,1,32284.644923,67.235550,604.946431,156.150669,940.735422,0.394295,0.112648,0.086090,52.914,0
147,1413393227.005760,235,233,382,303,5.228343,4,26.459,30.471,34605.640758,1,32776.673727,71.655695,599.304894,159.360845,998.645596,0.405057,0.111795,0.086085,35.042,0
148,1413393227.105761,235,229,391,297,8.054085,4,25.988,25.989,34548.440330,1,32773.380600,75.840026,611.970881,141.629994,945.618828,0.415390,0.111273,0.086082,31.035,0
149,1413393227.205760,230,227,387,301,12.245448,6,35.355,56.096,34523.841791,1,32772.239968,81.027916,568.516531,142.291673,959.765702,0.422135,0.111899,0.086076,61.761,0
150,1413393227.305760,224,226,396,301,7.524171,5,29.590,33.904,35125.002425,1,33272.209612,77.512229,583.479664,171.187623,1020.613297,0.412441,0.114441,0.086082,38.022,0
151,1413393227.405761,241,228,378,293,13.313124,4,26.288,48.805,35033.080815,1,33268.616386,83.534175,561.900088,154.458909,964.571256,0.405091,0.112862,0.086079,53.698,0
152,1413393227.505760,247,226,375,285,4.521683,5,28.233,32.524,35778.482756,1,33794.711455,87.432448,667.827619,186.476509,1042.034724,0.400868,0.112890,0.086075,37.258,0
153,1413393227.605761,239,225,384,296,8.330595,4,27.338,27.340,35690.769813,1,33791.597423,92.725506,597.957988,170.780513,1037.708383,0.396237,0.111271,0.086072,32.310,0
154,1413393227.705760,241,233,385,299,11.299635,4,26.026,48.480,35722.258032,1,33792.058031,98.130707,601.233614,170.972739,1059.862941,0.384472,0.108083,0.086064,53.465,0
155,1413393227.805760,240,229,380,293,8.855634,8,41.929,46.195,36469.822794,1,34319.095039,99.064567,656.911132,240.677279,1154.074777,0.376740,0.105837,0.086069,50.371,0
156,1413393227.905761,223,239,377,292,22.728176,4,26.950,51.309,36295.251732,1,34315.777126,102.136068,598.026347,198.811621,1080.500570,0.375027,0.104570,0.086056,56.286,0
157,1413393228.005760,239,241,383,293,18.389814,6,35.808,61.376,37071.126428,1,34834.390288,111.955763,700.069336,223.823791,1200.887249,0.359067,0.102945,0.086027,66.844,0
158,1413393228.105761,229,226,381,293,23.700962,7,38.087,64.954,37631.167674,0,35325.744110,110.058504,738.500421,217.597067,1239.267572,0.355460,0.102738,0.086017,71.423,0
159,1413393228.205760,192,220,387,310,27.775571,4,24.615,48.741,38043.122277,1,35787.493664,108.812004,773.404853,204.611192,1168.800565,0.353840,0.104871,0.086006,53.446,0
160,1413393228.305760,219,211,383,307,28.796354,5,28.420,50.616,38573.111398,1,36230.282108,108.886695,837.198449,195.490922,1201.253224,0.358184,0.104318,0.085989,56.422,0
161,1413393228.405761,198,205,379,325,24.390836,6,31.584,53.921,38799.084341,1,36649.858272,85.130437,794.554352,192.375264,1077.166016,0.366835,0.102423,0.085982,58.271,0
162,1413393228.505760,222,218,385,330,23.015308,5,29.273,51.623,39122.257090,1,37095.577790,62.510659,751.322411,196.071020,1016.775211,0.375311,0.098961,0.085986,56.417,0
163,1413393228.605761,232,226,380,323,23.832306,5,29.149,52.092,39700.637462,1,37560.295424,54.665432,787.880852,197.466761,1100.328993,0.379741,0.095500,0.085974,56.511,0
164,1413393228.705760,222,247,374,317,22.673728,6,34.527,58.076,40260.964476,1,38067.228795,47.986932,797.178058,220.282628,1128.288063,0.378912,0.093212,0.085966,63.745,0
165,1413393228.805760,233,225,390,319,16.632316,6,32.548,57.355,40756.054170,1,38572.612683,55.877337,848.447295,190.217587,1088.899268,0.402033,0.092289,0.085960,62.427,0
166,1413393228.905761,235,224,399,324,9.843894,5,30.635,35.016,41135.286205,1,39077.436082,57.794226,818.615793,176.815038,1004.625066,0.419932,0.092895,0.085952,40.206,0
167,1413393229.005760,239,225,392,316,17.047571,4,25.654,44.234,41104.812165,1,39075.451201,58.263610,800.738883,173.921062,996.437409,0.446269,0.093116,0.085953,49.140,0
168,1413393229.105761,235,221,401,323,5.843908,5,27.958,32.106,41765.428941,1,39559.581912,59.311101,931.859520,175.197148,1039.479259,0.479293,0.093254,0.085935,36.330,0
169,1413393229.205760,236,227,371,299,14.884794,4,24.982,42.110,41737.134969,1,39558.785327,60.972150,899.956555,168.272300,1049.148637,0.500981,0.092868,0.085934,46.941,0
170,1413393229.305760,233,222,375,300,9.335320,10,47.781,52.013,42244.317153,0,40027.290898,54.258073,922.451542,174.096744,1066.219896,0.517388,0.092404,0.085920,57.796,0
171,1413393229.405761,221,234,377,302,16.869209,4,24.359,41.423,42124.115638,1,40025.690472,54.197421,881.346054,169.228112,993.653579,0.546520,0.091712,0.085908,46.323,0
172,1413393229.505760,218,227,387,306,7.925902,6,30.625,34.764,42630.137544,1,40482.472365,43.168994,914.627608,168.805787,1021.062790,0.554337,0.091614,0.085904,39.128,0
173,1413393229.605761,224,233,368,292,16.982312,4,25.513,44.279,42529.845135,1,40481.067075,41.022535,859.033522,165.765738,982.956265,0.541703,0.091602,0.085912,49.279,0
174,1413393229.705760,224,228,378,295,8.939125,6,33.346,37.746,43069.441853,1,40964.499691,32.438157,866.915270,169.991341,1035.597394,0.538665,0.091629,0.085908,42.234,0
175,1413393229.805760,226,229,397,303,14.996141,4,25.022,44.241,42921.365664,1,40963.220442,32.214256,812.896618,164.529164,948.505184,0.555356,0.092181,0.085914,49.525,0
176,1413393229.905761,242,224,397,299,7.941973,6,30.110,34.338,43492.512099,1,41435.930879,26.804491,836.832174,179.904628,1013.039926,0.586846,0.092607,0.085909,38.559,0
177,1413393230.005760,220,223,407,305,15.862699,7,37.060,57.201,43278.042778,1,41432.450098,28.110809,764.616772,159.247548,893.617551,0.640478,0.093349,0.085902,62.528,0
178,1413393230.105761,227,217,413,308,5.590275,6,31.314,35.730,43856.655146,1,41898.728477,28.666903,792.882605,166.594104,969.783057,0.684139,0.093981,0.085885,40.200,0
179,1413393230.205760,219,212,412,314,16.809273,4,22.730,43.536,43721.351546,1,41895.114496,32.210280,720.659623,156.483512,916.883636,0.713731,0.094244,0.085884,48.352,0
180,1413393230.305760,216,202,412,311,12.086019,6,30.005,50.591,44337.369463,1,42361.686287,37.064991,766.985982,159.576127,1012.056076,0.736651,0.094693,0.085883,55.119,0
181,1413393230.405761,206,198,407,307,12.918439,7,32.882,52.543,44653.048373,1,42815.173878,43.450631,680.888116,148.398617,965.137132,0.738053,0.094217,0.085883,57.004,0
182,1413393230.505760,169,199,430,336,0.000000,5,23.269,41.502,44887.477702,1,43252.372381,52.664363,541.471034,143.013307,897.956618,0.739255,0.093984,0.085885,45.520,0
183,1413393230.605761,205,197,445,337,7.516057,5,25.779,28.830,45330.927647,1,43695.010265,59.623737,549.478805,148.289181,878.525659,0.742649,0.094084,0.085883,33.265,0
184,1413393230.705760,203,203,438,353,11.410715,5,27.464,43.395,45284.493368,1,43694.164714,62.781303,512.741646,143.850349,870.955356,0.774325,0.094236,0.085876,47.744,0
185,1413393230.805760,178,205,453,380,13.866526,5,24.887,43.573,45806.894414,1,44146.534341,75.081172,550.652005,156.642887,877.984009,0.782564,0.093564,0.085857,47.832,0
186,1413393230.905761,201,219,485,403,18.485041,5,26.119,44.106,46315.185624,1,44604.532874,88.384369,561.617739,159.859254,900.791389,0.800716,0.093688,0.085842,48.780,0
187,1413393231.005760,222,220,491,419,22.750950,5,24.809,43.189,46736.397694,1,45050.609647,97.182709,556.173265,163.785827,868.646246,0.803691,0.094297,0.085839,47.437,0
188,1413393231.105761,230,234,477,408,26.543385,6,29.552,48.888,47400.577674,1,45509.360527,116.533065,604.969589,199.537408,970.177085,0.820034,0.094586,0.085832,53.618,0
189,1413393231.205760,232,219,474,406,23.474459,5,25.850,47.583,47778.444507,1,45997.940284,118.508731,570.958642,182.569420,908.467430,0.834652,0.095751,0.085828,52.058,0
190,1413393231.305760,244,231,454,389,16.083604,5,27.249,44.329,48432.339015,1,46529.678327,114.994102,654.226551,183.272142,950.167893,0.826564,0.096313,0.085817,49.294,0
191,1413393231.405761,236,236,404,361,10.884475,5,28.224,45.792,49075.133636,1,47050.079388,109.770930,713.490183,192.416570,1009.376565,0.835270,0.096272,0.085807,50.570,0
192,1413393231.505760,237,234,392,347,10.594869,8,38.947,58.136,49834.221578,0,47589.911696,90.036358,800.813431,233.078534,1120.381559,0.832571,0.096340,0.085791,63.412,0
193,1413393231.605761,232,230,352,315,18.568462,7,36.489,56.431,50205.277841,0,48133.152090,67.258326,731.709559,205.604598,1067.553268,0.798080,0.095750,0.085786,62.182,0
194,1413393231.705760,197,228,358,320,24.996888,7,37.392,57.556,50924.206092,0,48754.022846,62.469688,852.751585,179.140268,1075.821704,0.733322,0.094730,0.085777,63.309,0
195,1413393231.805760,228,223,359,311,14.552091,6,35.670,59.264,51466.619587,1,49377.125577,60.974898,790.547475,181.165811,1056.805826,0.660024,0.094274,0.085769,65.063,0
196,1413393231.905761,225,220,371,325,6.520260,13,41.486,45.527,53551.659641,0,50024.820330,86.189111,1541.331952,180.362218,1718.956029,0.595516,0.091230,0.085776,51.526,0
197,1413393232.005760,195,219,382,339,16.872294,4,28.489,52.023,52047.805113,1,50022.406650,69.639979,755.983621,174.021105,1025.753758,0.542899,0.093409,0.085759,57.302,0
198,1413393232.105761,232,226,391,338,13.366393,7,39.871,67.537,52894.980345,0,50721.814259,72.554313,817.653147,183.525886,1099.432740,0.516848,0.093499,0.085741,71.835,0
199,1413393232.205760,232,225,395,340,19.535761,6,39.189,68.842,53890.794695,1,51451.854230,83.788706,901.009574,212.585370,1241.556813,0.508816,0.093567,0.085730,75.376,0
200,1413393232.305760,239,247,393,336,25.386146,7,36.507,65.751,54806.035279,0,52258.117522,85.366643,904.680029,240.462290,1317.408796,0.512739,0.093093,0.085714,70.503,0
201,1413393232.405761,189,217,426,374,28.002821,7,38.500,67.385,55662.444410,0,53026.786241,77.492751,974.317955,222.299454,1361.548009,0.532732,0.092476,0.085713,73.156,0
202,1413393232.505760,198,215,451,394,27.235739,5,27.163,52.445,56076.782324,1,53742.913233,70.306162,821.537773,204.839161,1237.185994,0.563688,0.092279,0.085697,56.907,0
203,1413393232.605761,228,207,433,378,25.118622,6,34.065,56.429,56819.960324,1,54386.331768,66.944771,851.027147,218.450340,1297.206298,0.595740,0.091945,0.085678,62.346,0
204,1413393232.705760,229,243,441,386,20.221196,13,26.715,48.906,59610.285390,0,55033.881165,89.704448,822.975951,247.729903,3415.993923,0.615883,0.091096,0.085691,53.544,0
205,1413393232.805760,243,264,411,367,15.358734,7,36.680,59.103,58665.075291,0,55648.041179,62.464688,876.703482,272.124551,1805.741389,0.621238,0.091694,0.085672,64.958,0
206,1413393232.905761,233,273,400,361,12.986993,5,29.514,52.205,58536.946499,1,56252.797993,40.954863,688.864669,248.628359,1305.700616,0.630485,0.091531,0.085654,58.891,0
207,1413393233.005760,230,271,413,364,9.662223,8,49.140,53.016,59082.176846,1,56842.622944,36.237171,654.965455,264.962281,1283.388994,0.636944,0.091615,0.085655,60.884,0
208,1413393233.105761,236,256,409,359,21.159124,4,28.167,51.903,59085.623394,1,56841.063801,36.798326,679.278472,259.121125,1269.361670,0.648695,0.091332,0.085642,57.589,0
209,1413393233.205760,229,233,417,373,11.045419,13,27.432,48.894,60925.847467,0,57474.673926,48.693876,1099.731934,698.798636,1603.949095,0.684092,0.091524,0.085651,53.718,0
210,1413393233.305760,214,242,384,358,13.056180,4,25.970,43.854,60368.000714,1,58045.901820,27.245563,735.749409,221.004128,1338.099793,0.711262,0.090472,0.085656,49.011,0
211,1413393233.405761,197,238,389,359,22.337583,4,24.393,42.510,60900.323986,1,58552.122186,31.912677,708.900043,204.061025,1403.328056,0.717981,0.090662,0.085663,49.030,0
212,1413393233.505760,197,243,400,363,27.905425,5,31.031,53.173,61306.408122,1,59052.024674,28.702874,704.253435,198.980733,1322.446406,0.712141,0.090737,0.085667,58.381,0
213,1413393233.605761,182,235,403,373,26.790634,5,28.498,55.141,68208.002015,1,59607.057211,167.744071,2685.936382,543.052898,5204.211454,0.727252,0.089823,0.085665,60.000,0
214,1413393233.705760,191,245,418,383,26.187534,6,32.902,57.135,62513.504833,1,60162.385808,27.409533,808.478163,184.668721,1330.562608,0.727003,0.090737,0.085664,62.991,0
215,1413393233.805760,188,248,403,368,27.969418,4,22.839,48.110,62975.254363,1,60693.632594,32.585726,724.931304,192.677199,1331.427539,0.740819,0.091110,0.085665,52.837,0
216,1413393233.905761,165,226,396,357,0.000000,5,26.797,49.960,63508.437989,1,61198.440996,33.676877,766.497399,190.924584,1318.898134,0.712662,0.091180,0.085664,54.729,0
217,1413393234.005760,168,196,395,353,0.000000,13,30.071,50.739,71942.285018,0,61737.447231,480.354407,5505.107097,442.057870,3777.318413,0.705211,0.085594,0.085670,55.047,0
218,1413393234.105761,154,176,377,335,0.000000,5,22.929,39.005,63974.427283,1,62112.142157,28.658919,644.813321,162.286746,1026.526140,0.613512,0.090815,0.085682,43.247,0
219,1413393234.205760,176,157,374,313,18.375283,11,35.416,51.671,64404.888488,0,62502.907395,29.063981,688.256807,165.195562,1019.464743,0.532805,0.091040,0.085693,56.071,0
220,1413393234.305760,157,158,364,291,0.000000,5,19.324,32.243,64471.296272,1,62865.495690,35.165343,588.783675,156.434066,825.417497,0.463428,0.090717,0.085703,36.107,0
221,1413393234.405761,129,153,327,257,0.000000,5,19.609,32.098,64782.601688,1,63198.710965,40.642894,566.211270,156.408462,820.628098,0.368242,0.090505,0.085707,35.699,0
222,1413393234.505760,128,148,339,264,0.000000,5,20.360,32.461,65114.672563,1,63571.540811,35.543201,556.824567,148.728069,802.035915,0.289356,0.090585,0.085702,37.557,0
223,1413393234.605761,155,148,346,250,0.000000,6,20.090,31.799,65411.198830,1,63952.829837,24.938753,575.671682,143.753180,714.005377,0.362149,0.090639,0.085701,35.287,0
224,1413393234.705760,129,154,344,246,0.000000,4,15.871,26.690,65655.377998,1,64318.268422,28.877840,499.828602,145.504278,662.898855,0.548466,0.090755,0.085704,31.002,0
225,1413393234.805760,160,162,378,282,0.000000,5,17.926,28.787,65998.309450,1,64648.776067,38.347780,494.097427,129.660313,687.427863,0.563144,0.090664,0.085702,32.113,0
226,1413393234.905761,197,149,397,298,46.252139,4,16.492,27.300,66288.100349,1,64944.310612,43.937525,494.144787,136.986243,668.721182,0.432731,0.090513,0.085701,30.957,0
227,1413393235.005760,220,163,418,313,35.624323,4,15.781,25.915,66714.483892,1,65252.681386,59.637673,478.107083,160.818213,763.239537,0.320201,0.090011,0.085692,29.368,0
228,1413393235.105761,218,184,400,306,27.487864,5,21.211,30.736,67076.263007,1,65586.984135,70.557206,448.927578,163.921683,805.872406,0.347011,0.089358,0.085675,35.279,0
229,1413393235.205760,238,197,372,300,26.261726,4,19.859,30.570,67487.689402,1,65885.434895,82.480689,484.537994,168.045317,867.190507,0.404659,0.088536,0.085663,34.785,0
230,1413393235.305760,243,206,364,294,30.891430,4,21.137,31.973,67860.460755,1,66180.524120,89.975783,481.227775,188.272979,920.460098,0.400486,0.088195,0.085667,36.350,0
231,1413393235.405761,245,229,362,293,36.124410,4,22.600,34.232,68249.406677,1,66493.720985,95.063193,496.098314,184.442528,980.081656,0.346013,0.088242,0.085674,39.080,0
232,1413393235.505760,247,238,320,279,30.420119,4,25.700,38.780,68789.313587,1,66827.946435,85.447776,572.410109,207.914936,1095.594330,0.271478,0.088429,0.085682,43.891,0
233,1413393235.605761,241,237,313,278,22.513233,4,26.167,41.338,69249.006775,1,67153.814708,78.173880,619.837613,212.566661,1184.613913,0.207233,0.088582,0.085680,46.769,0
234,1413393235.705760,243,238,318,284,21.473382,4,28.168,47.495,69484.495387,1,67497.803493,58.351451,638.335692,208.910970,1081.093780,0.163709,0.088792,0.085672,53.157,0
235,1413393235.805760,252,240,308,277,17.318952,4,30.980,52.242,70021.031798,1,67918.444690,43.804101,726.339039,230.539801,1101.904168,0.203786,0.089145,0.085659,59.637,0
236,1413393235.905761,248,238,312,279,6.344742,3,26.072,29.923,70567.136109,1,68434.592756,33.098662,765.713570,213.565604,1120.165516,0.248034,0.089115,0.085643,37.012,0
237,1413393236.005760,249,248,293,273,16.060125,3,25.942,48.588,70563.231527,1,68433.608359,33.336939,748.422899,210.806356,1137.056974,0.234079,0.088712,0.085642,55.287,0
238,1413393236.105761,253,254,289,271,10.904863,4,30.116,58.217,71230.546605,1,69003.255142,23.599399,789.391973,201.038761,1213.261331,0.199487,0.088350,0.085628,63.580,0
239,1413393236.205760,239,250,294,277,9.134359,4,32.540,35.419,71936.175746,1,69651.509860,20.500306,804.844260,197.803453,1261.517868,0.135252,0.087978,0.085620,42.997,0
240,1413393236.305760,246,244,296,275,21.943542,3,29.132,59.362,71880.068828,1,69652.736518,27.821471,783.167172,193.987390,1222.356278,0.122296,0.087203,0.085621,66.506,0
241,1413393236.405761,245,237,296,277,25.227649,4,32.745,67.381,72520.790328,1,70381.685443,49.504079,751.030149,185.884269,1152.686388,0.158765,0.086220,0.085616,72.534,0
242,1413393236.505760,245,245,295,277,24.271364,4,33.139,66.969,73262.564629,1,71183.441762,87.564455,684.671048,181.875423,1125.011940,0.146106,0.085425,0.085608,74.580,0
243,1413393236.605761,250,245,288,269,20.617425,4,28.829,65.084,74182.558105,1,72001.786404,125.541503,693.861064,178.283945,1183.085189,0.150749,0.084975,0.085605,71.360,0
244,1413393236.705760,246,241,283,265,21.948561,4,31.910,63.849,75138.218790,1,72803.451497,157.821325,734.210804,173.854182,1268.880983,0.113863,0.084711,0.085593,71.531,0
245,1413393236.805760,241,235,287,268,17.646356,4,30.884,68.761,76156.222862,1,73578.896810,170.577255,831.550892,175.657553,1399.540351,0.156922,0.084611,0.085582,75.029,0
246,1413393236.905761,242,230,291,270,12.267646,3,25.774,59.828,76977.658570,1,74329.615725,180.606623,880.669393,175.431873,1411.334957,0.160705,0.084504,0.085570,67.627,0
247,1413393237.005760,247,229,285,263,12.878524,6,40.340,72.859,77379.072729,1,75003.665446,196.889344,725.674034,173.192706,1279.651200,0.238020,0.084212,0.085559,79.871,0
248,1413393237.105761,241,233,285,261,15.376700,5,37.695,70.797,77952.983460,1,75737.259301,191.091611,663.331788,178.039299,1183.261460,0.337110,0.083891,0.085547,78.548,0
249,1413393237.205760,246,235,289,264,13.400356,5,39.329,73.704,78623.751023,1,76519.565421,151.840106,639.168774,195.498370,1117.678352,0.292043,0.083612,0.085547,81.605,0
250,1413393237.305760,252,239,288,261,13.937456,4,32.931,67.006,79335.648436,1,77275.348359,109.347283,684.824547,193.127357,1073.000890,0.244382,0.084024,0.085544,74.690,0
251,1413393237.405761,252,237,285,260,6.317003,4,30.750,38.900,80152.005304,1,77977.176770,109.469993,679.242456,196.491884,1189.624201,0.266308,0.084610,0.085543,45.584,0
252,1413393237.505760,243,237,296,268,7.420657,4,32.048,32.049,79996.369308,1,77977.501171,105.178103,644.167901,185.751017,1083.771115,0.301874,0.084946,0.085543,39.256,0
253,1413393237.605761,244,237,299,273,9.559151,4,33.016,33.018,79986.676367,1,77979.677377,105.603934,641.379060,181.881747,1078.134250,0.293722,0.085350,0.085547,42.658,0
254,1413393237.705760,248,237,300,277,21.319560,4,32.812,65.416,80002.345983,1,77981.921982,106.052144,646.841672,180.882107,1086.648077,0.267734,0.085636,0.085547,72.663,0
255,1413393237.805760,250,240,303,281,13.431610,4,33.488,69.108,80770.278954,1,78738.801454,111.189770,635.496394,186.582077,1098.209259,0.224844,0.085869,0.085538,75.322,0
256,1413393237.905761,251,238,300,272,9.042641,4,35.455,38.649,81630.849350,1,79537.887339,94.792236,648.031915,206.668214,1143.469645,0.207651,0.086044,0.085530,46.663,0
257,1413393238.005760,246,252,305,276,13.883156,3,28.579,62.028,81488.307324,1,79534.731269,95.413236,616.906874,181.760302,1059.495642,0.203532,0.086250,0.085529,69.152,0
258,1413393238.105761,250,251,305,277,8.244413,4,34.128,42.957,82278.767976,1,80327.782184,85.370606,617.454648,185.893620,1062.266918,0.228079,0.086612,0.085519,48.959,0
259,1413393238.205760,253,256,304,279,18.420035,3,26.185,65.135,82291.087584,1,80326.712609,89.819391,611.814665,182.070870,1080.670048,0.277420,0.086938,0.085518,73.183,0
260,1413393238.305760,253,251,295,271,6.243760,4,33.356,39.007,83150.226891,1,81079.029467,85.145161,651.707018,192.361541,1141.983705,0.353394,0.087293,0.085511,44.989,0
261,1413393238.405761,244,254,301,270,10.621558,4,33.268,67.673,83053.272951,1,81079.308796,99.436977,611.713948,185.329347,1077.483882,0.493924,0.087916,0.085515,74.987,0
262,1413393238.505760,248,248,293,261,5.984865,4,31.785,37.413,84134.463696,1,81821.299841,114.251520,774.821571,224.916968,1199.173796,0.533404,0.088571,0.085518,43.864,0
263,1413393238.605761,220,238,307,278,18.031325,4,32.191,65.715,83862.754396,1,81823.587247,136.290495,666.595221,188.558736,1047.722696,0.512097,0.089116,0.085523,73.340,0
264,1413393238.705760,239,237,324,292,17.240116,4,29.848,66.473,84520.176350,1,82591.683293,156.383838,638.477954,176.458801,957.172464,0.491374,0.089600,0.085530,72.768,0
265,1413393238.805760,248,236,317,286,12.987496,4,30.216,63.661,85390.908120,1,83362.656627,176.821127,667.276343,188.016764,996.137260,0.478089,0.089933,0.085539,71.705,0
266,1413393238.905761,243,233,321,289,7.646405,4,30.585,38.669,86283.813912,1,84143.255239,191.536090,657.508246,226.634588,1064.879749,0.468559,0.090153,0.085541,44.743,0
267,1413393239.005760,244,252,327,294,10.928507,3,26.072,56.136,86121.736459,1,84139.969507,193.546550,594.210480,204.991073,989.018848,0.464863,0.090246,0.085545,63.325,0
268,1413393239.105761,251,263,320,288,13.870783,4,30.075,64.486,86968.686697,1,84941.314674,193.696158,552.400361,221.706308,1059.569197,0.465252,0.090373,0.085533,70.232,0
269,1413393239.205760,246,266,319,291,12.235889,5,37.075,71.283,87866.488376,1,85762.346701,210.144083,599.248679,248.661406,1046.087506,0.466939,0.090551,0.085516,79.037,0
270,1413393239.305760,247,262,318,287,8.767569,6,44.531,52.763,88752.136202,1,86581.909292,215.394861,601.850302,246.773138,1106.208609,0.472834,0.090790,0.085504,58.564,0
271,1413393239.405761,245,253,323,293,15.471492,4,30.927,61.191,88643.474108,1,86580.732148,218.423922,602.433494,206.437998,1035.446546,0.488697,0.090967,0.085505,68.833,0
272,1413393239.505760,242,248,328,295,5.254467,4,30.828,36.276,89507.665230,1,87380.336331,190.755268,679.570622,196.502561,1060.500448,0.512581,0.091126,0.085503,42.370,0
273,1413393239.605761,239,243,333,301,11.106596,4,31.923,58.554,89451.368743,1,87377.442845,190.543497,676.300821,195.581422,1011.500158,0.538311,0.091222,0.085509,66.105,0
274,1413393239.705760,241,239,339,307,9.238872,4,30.882,36.168,90426.529721,1,88204.660000,120.105863,775.441488,223.589464,1102.732905,0.553465,0.091368,0.085504,42.026,0
275,1413393239.805760,227,234,341,314,26.085063,4,29.535,56.557,90329.333686,1,88202.055911,119.289326,744.177912,212.901042,1050.909495,0.549740,0.091439,0.085504,65.409,0
276,1413393239.905761,237,244,347,318,14.495693,4,27.769,55.579,90888.708243,1,88912.095015,41.985317,607.443573,228.239265,1098.945074,0.551821,0.091509,0.085509,61.260,0
277,1413393240.005760,237,241,357,322,6.171704,4,31.052,36.004,91693.162160,1,89641.690346,40.389300,601.178403,303.241501,1106.662611,0.573432,0.091717,0.085504,43.321,0
278,1413393240.105761,236,256,365,328,12.879118,4,32.915,62.188,91586.047067,1,89639.833574,43.102958,590.770140,238.033318,1074.307077,0.588260,0.091914,0.085508,70.670,0
279,1413393240.205760,245,262,365,326,14.711228,5,36.413,70.084,92622.870105,1,90450.506712,46.570593,693.768498,250.637686,1181.386615,0.562326,0.092299,0.085490,76.880,0
280,1413393240.305760,237,263,371,331,13.211224,5,37.851,72.180,93404.570142,1,91238.850417,55.106599,653.978080,265.044069,1191.590977,0.555579,0.092485,0.085478,81.007,0
281,1413393240.405761,238,261,379,339,6.082666,4,31.621,39.879,94059.720184,1,92034.808318,51.111071,596.108533,260.397362,1117.294900,0.584542,0.092657,0.085474,45.676,0
282,1413393240.505760,238,250,389,348,13.154865,3,24.829,54.597,94026.240187,1,92035.303591,52.247626,613.056612,245.514625,1080.117734,0.596733,0.092604,0.085482,60.572,0
283,1413393240.605761,238,243,388,349,10.530127,4,27.999,56.929,94824.290121,1,92773.214975,57.615575,669.484754,236.526796,1087.448021,0.576072,0.092645,0.085485,63.086,0
284,1413393240.705760,241,240,387,349,8.809903,5,35.822,42.100,95672.095242,1,93462.948626,75.254248,733.665630,245.931530,1154.295209,0.659567,0.092720,0.085490,49.173,0
285,1413393240.805760,233,244,380,335,12.529044,7,43.320,67.105,95733.083287,0,93468.663890,122.984208,737.280877,241.730220,1162.424093,0.662710,0.092648,0.085500,73.525,0
286,1413393240.905761,242,236,365,323,13.031335,5,34.409,60.174,96518.318084,1,94134.367712,200.742178,786.662711,222.764671,1173.780812,0.597009,0.092464,0.085509,65.469,0
287,1413393241.005760,233,242,351,321,15.197386,5,34.295,58.592,97008.925942,1,94776.093577,253.950761,625.476783,214.005479,1139.399342,0.542612,0.092438,0.085523,64.841,0
288,1413393241.105761,241,244,347,314,13.886708,6,40.304,69.438,97792.314979,1,95444.294125,280.629297,693.198167,217.718815,1156.474575,0.537402,0.092627,0.085530,74.492,0
289,1413393241.205760,238,240,357,323,6.967007,5,35.254,41.051,98435.911525,1,96100.429926,300.267991,643.161481,209.596767,1182.455360,0.529732,0.092904,0.085529,47.526,0
290,1413393241.305760,246,240,350,322,11.240086,4,30.443,56.921,98403.156355,1,96098.107559,304.182230,654.920153,207.809234,1138.137179,0.491476,0.093113,0.085529,62.483,0
291,1413393241.405761,247,236,352,323,9.917509,4,28.654,37.930,99198.112233,1,96784.439938,335.591877,701.658082,222.003248,1154.419088,0.460740,0.093419,0.085528,43.217,0
292,1413393241.505760,245,240,340,315,25.880865,4,29.168,54.595,99131.680606,1,96782.156273,342.159043,676.193191,216.289364,1114.882735,0.442036,0.093657,0.085520,61.373,0
293,1413393241.605761,249,235,332,307,8.016607,5,33.035,38.964,100010.929030,1,97493.510827,361.256249,729.408978,234.762279,1191.990697,0.443726,0.094015,0.085512,44.212,0
294,1413393241.705760,239,247,334,307,14.743933,3,23.071,46.421,99835.374036,1,97489.585362,366.978857,674.997814,218.724769,1085.087233,0.428041,0.094278,0.085510,53.056,0
295,1413393241.805760,251,244,333,302,9.197170,5,33.344,39.424,100522.475623,1,98169.450679,346.868853,647.028795,218.556160,1140.571136,0.403633,0.094589,0.085496,44.551,0
296,1413393241.905761,249,248,318,291,12.204895,3,25.065,50.829,100441.890239,1,98168.836584,345.876707,645.927879,210.307592,1070.941477,0.383420,0.094701,0.085495,57.587,0
297,1413393242.005760,245,244,321,293,3.440712,4,29.844,35.061,101216.761320,1,98900.519359,314.099815,711.981037,201.324360,1088.836749,0.359356,0.094932,0.085487,41.086,0
298,1413393242.105761,243,243,320,292,11.194687,3,24.757,50.566,101146.755090,1,98900.396013,315.484984,690.074267,195.336525,1045.463302,0.327019,0.095042,0.085488,57.440,0
299,1413393242.205760,245,244,310,278,11.474380,7,41.974,68.916,101933.167665,0,99643.461615,215.605654,681.394738,212.809690,1179.895969,0.272152,0.095234,0.085482,75.692,0
300,1413393242.305760,238,249,313,283,15.086822,4,29.142,56.432,102302.955894,1,100185.114424,151.166402,675.830489,189.770124,1101.074455,0.198053,0.095407,0.085489,63.050,0
301,1413393242.405761,242,246,318,286,8.884408,4,28.660,36.496,102868.265473,1,100769.420563,114.333159,676.888353,185.465967,1122.157431,0.144611,0.095491,0.085501,42.615,0
302,1413393242.505760,242,245,312,279,14.593502,3,24.250,47.913,102790.996902,1,100768.717508,114.898182,637.171416,181.511213,1088.698584,0.105411,0.095615,0.085506,54.521,0
303,1413393242.605761,219,241,322,292,22.892644,4,29.827,58.233,103531.020207,1,101444.969970,98.829567,652.791037,190.631060,1143.798573,0.060949,0.095716,0.085518,64.094,0
304,1413393242.705760,245,250,329,285,18.843781,4,30.835,62.491,104128.472247,1,102135.673228,67.695704,596.057898,193.947742,1135.097674,0.097566,0.095885,0.085514,70.438,0
305,1413393242.805760,244,250,336,292,6.552661,4,28.970,37.989,104637.414198,1,102849.214828,55.511311,561.644483,180.673299,990.370277,0.162649,0.096099,0.085507,43.916,0
306,1413393242.905761,246,247,340,297,7.978854,3,25.248,25.249,104676.533913,1,102847.644503,57.824846,587.426582,181.517986,1002.119996,0.211984,0.096243,0.085503,32.042,0
307,1413393243.005760,247,244,341,300,10.831426,3,25.027,53.919,104737.709576,1,102849.377555,60.970964,611.166326,181.121875,1035.072856,0.241785,0.096416,0.085499,59.982,0
308,1413393243.105761,242,256,334,293,10.791973,4,29.708,59.765,105476.432451,1,103558.431138,53.335374,577.314372,198.994508,1088.357059,0.261434,0.096646,0.085493,65.876,0
309,1413393243.205760,231,252,345,304,15.943796,3,25.248,55.920,106037.601962,1,104290.759774,46.535523,509.573567,206.752414,983.980684,0.291435,0.096764,0.085491,62.800,0
310,1413393243.305760,229,251,359,317,24.559420,4,29.355,62.789,106715.193256,1,105051.261107,36.596827,499.895693,188.273827,939.165802,0.268263,0.096863,0.085484,68.727,0
311,1413393243.405761,244,242,349,311,28.247293,6,37.880,68.963,107482.225418,1,105772.966702,38.286872,517.154101,206.732859,947.084884,0.241061,0.097019,0.085480,76.465,0
312,1413393243.505760,238,253,352,317,20.940778,3,24.758,55.183,108190.179385,1,106486.440086,40.377056,523.545485,211.728971,928.087787,0.240047,0.097152,0.085477,61.571,0
313,1413393243.605761,245,269,326,300,13.115378,4,30.569,59.892,108982.442118,1,107170.946640,48.100844,558.916559,211.813667,992.664408,0.231366,0.097370,0.085478,68.337,0
314,1413393243.705760,245,266,329,303,7.339506,4,30.325,35.944,109682.894910,1,107860.233587,54.038035,597.786636,203.086689,967.749963,0.179671,0.097554,0.085484,42.419,0
315,1413393243.805760,247,267,323,300,12.012670,3,26.515,53.957,109644.648131,1,107858.714803,62.980460,575.867125,201.874042,945.211701,0.130816,0.097701,0.085485,61.832,0
316,1413393243.905761,250,266,322,300,6.496102,4,30.310,38.672,110411.050862,1,108498.300186,69.994007,649.125881,200.668411,992.962377,0.087126,0.097937,0.085492,45.603,0
317,1413393244.005760,248,266,325,302,9.370912,3,27.183,27.184,110380.811068,1,108496.349808,78.422216,646.401693,197.268035,962.369316,0.060801,0.098052,0.085496,34.307,0
318,1413393244.105761,249,263,322,299,10.442973,3,27.200,58.043,110389.692143,1,108500.213906,90.698221,645.048469,196.166090,957.565456,0.055194,0.098219,0.085500,65.117,0
319,1413393244.205760,249,262,321,298,2.221012,4,30.479,36.123,111096.508512,1,109138.733947,99.482215,596.815260,243.487580,1017.989510,0.070761,0.098393,0.085507,42.856,0
320,1413393244.305760,242,261,331,310,2.867140,3,26.862,26.863,111014.242898,1,109137.782257,109.012663,598.650427,214.463993,954.333559,0.107127,0.098526,0.085510,34.181,0
321,1413393244.405761,244,254,332,314,14.792567,3,25.414,57.249,111059.909284,1,109142.127460,118.831029,609.731510,213.726301,975.492985,0.129067,0.098725,0.085510,64.220,0
322,1413393244.505760,244,254,326,312,18.383685,3,25.572,56.979,111714.704490,1,109846.908205,131.691184,570.190369,219.451651,946.463082,0.216506,0.098957,0.085515,63.091,0
323,1413393244.605761,244,252,320,308,17.344289,4,32.343,64.398,112477.163828,1,110573.670728,143.961974,545.320654,228.020610,986.189862,0.294026,0.099061,0.085522,72.328,0
324,1413393244.705760,239,260,319,305,14.733645,4,32.384,69.039,113108.860561,1,111323.522684,152.930303,532.024576,195.193668,905.189330,0.273930,0.099130,0.085528,75.763,0
325,1413393244.805760,243,261,312,298,11.927940,3,27.456,65.829,113962.055400,1,112126.078417,167.689826,548.653470,201.969971,917.663716,0.256962,0.099098,0.085541,73.489,0
326,1413393244.905761,242,262,310,301,11.615162,4,34.691,74.441,114810.008138,1,112989.868555,203.644808,502.136236,205.497979,908.860561,0.242449,0.099121,0.085548,81.482,0
327,1413393245.005760,246,261,317,303,6.510371,3,30.680,34.575,115700.275398,1,113872.782621,214.661710,511.173795,211.646126,890.011146,0.277647,0.099331,0.085540,43.216,0
328,1413393245.105761,242,260,321,312,5.707992,3,29.175,29.176,115703.453289,1,113872.652226,216.547765,510.155104,209.002188,895.096005,0.235440,0.099711,0.085533,37.383,0
329,1413393245.205760,245,258,325,311,10.499173,3,26.343,64.401,115695.509546,1,113877.790395,222.152219,510.763853,209.456905,875.346174,0.205308,0.100059,0.085528,71.892,0
330,1413393245.305760,250,253,319,304,10.960625,3,27.248,66.282,116585.932189,1,114785.729705,209.974218,510.968500,212.149587,867.110179,0.205666,0.100420,0.085517,72.921,0
331,1413393245.405761,250,253,317,301,6.104602,4,35.164,40.366,117621.496106,1,115706.093821,201.132008,541.178889,222.756051,950.335338,0.229226,0.100761,0.085512,48.610,0
332,1413393245.505760,237,253,327,306,9.347483,3,28.915,28.917,117565.017112,1,115706.806865,215.588652,535.187127,194.697133,912.737335,0.272246,0.100921,0.085516,36.422,0
333,1413393245.605761,245,252,320,297,12.311292,3,25.605,60.904,117605.580944,1,115711.833201,228.939392,534.537274,194.641945,935.629133,0.261889,0.101059,0.085520,68.168,0
334,1413393245.705760,240,251,326,305,4.959693,4,31.313,37.210,118468.100782,1,116612.043168,243.875677,507.093497,194.329114,910.759326,0.236517,0.101402,0.085519,43.329,0
335,1413393245.805760,245,251,334,309,8.917146,3,29.494,29.495,118463.979497,1,116613.929317,253.454425,506.167776,193.634291,896.793687,0.225839,0.101422,0.085524,37.495,0
336,1413393245.905761,247,246,325,302,12.069911,3,28.529,63.187,118491.340681,1,116618.363262,265.096245,514.597271,193.906854,899.377050,0.218461,0.101545,0.085525,70.323,0
337,1413393246.005760,248,245,324,296,7.499344,4,32.481,38.632,119501.018566,1,117482.500729,288.558801,545.618292,222.610483,961.730262,0.216769,0.101819,0.085524,45.260,0
338,1413393246.105761,231,246,332,305,20.105811,3,28.599,62.527,119362.507947,1,117482.956973,290.904144,514.594036,187.407411,886.645382,0.179028,0.101857,0.085527,71.173,0
339,1413393246.205760,248,249,325,293,15.409597,4,33.536,70.615,120265.618860,1,118317.643550,304.925619,530.256870,198.232088,914.560732,0.110148,0.102116,0.085524,77.100,0
340,1413393246.305760,247,246,328,298,8.042373,4,34.885,40.569,121074.815949,1,119133.103185,312.781382,543.817335,195.232951,889.881096,0.062997,0.102358,0.085520,48.726,0
341,1413393246.405761,244,250,327,296,14.375425,3,26.699,62.955,121045.898820,1,119134.876787,321.897847,532.377735,194.793928,861.952523,0.043149,0.102491,0.085520,70.141,0
342,1413393246.505760,247,251,323,292,17.867095,4,29.823,68.734,121999.381877,1,120008.883235,306.263522,586.470028,208.391805,889.373287,0.046057,0.102805,0.085510,74.633,0
343,1413393246.605761,242,249,323,285,16.493223,4,31.122,68.920,122813.438895,1,120738.763630,289.373821,606.609462,213.111181,965.580802,0.074350,0.103171,0.085501,78.021,0
344,1413393246.705760,237,249,316,278,10.257756,4,33.221,71.380,123337.219502,1,121485.081124,244.605212,498.568974,204.144144,904.820047,0.086931,0.103475,0.085502,78.761,0
345,1413393246.805760,246,247,324,279,7.210728,6,43.492,48.817,124129.609420,1,122249.120293,237.908081,586.822755,192.888711,862.869579,0.108929,0.103755,0.085506,56.501,0
346,1413393246.905761,242,245,321,278,11.113173,3,28.597,64.393,124044.139970,1,122250.921923,243.518088,546.600629,189.786336,813.312995,0.146850,0.103871,0.085504,71.439,0
347,1413393247.005760,247,244,324,281,4.084002,4,30.034,36.027,124798.460387,1,123013.987438,214.655516,555.427499,197.037784,817.352149,0.205626,0.104138,0.085511,42.315,0
348,1413393247.105761,236,243,328,285,9.615680,3,27.519,27.520,124798.792106,1,123014.556622,222.098211,554.274409,191.948350,815.914514,0.243325,0.104217,0.085519,35.529,0
349,1413393247.205760,235,247,333,283,15.588187,3,27.424,59.859,124800.682650,1,123017.474957,226.105838,548.851544,190.052333,818.197978,0.301485,0.104293,0.085519,66.839,0
350,1413393247.305760,232,249,333,284,12.647739,4,30.618,66.981,125636.588023,1,123773.271162,211.049925,545.193525,201.268796,905.804615,0.330585,0.104608,0.085524,73.204,0
351,1413393247.405761,211,258,351,297,22.913993,4,32.760,68.022,126364.593710,1,124551.828456,201.527849,542.072762,189.736063,879.428579,0.312142,0.104851,0.085525,75.460,0
352,1413393247.505760,230,257,370,306,24.750384,4,30.640,71.356,127137.191034,1,125304.054354,191.187367,547.691838,213.657539,880.599936,0.274997,0.105031,0.085522,78.376,0
353,1413393247.605761,212,259,391,328,19.115328,4,30.255,68.272,127827.318397,1,126063.908405,153.250139,521.881369,204.556286,883.722197,0.254386,0.105212,0.085518,74.943,0
354,1413393247.705760,224,257,398,325,15.001013,7,39.737,77.857,128492.704460,0,126773.231450,144.201515,537.715327,179.646805,857.909363,0.270441,0.105484,0.085520,84.060,0
355,1413393247.805760,238,255,417,332,9.790245,6,39.508,44.994,128998.703473,1,127432.824332,131.882177,510.418566,170.412605,753.165794,0.286939,0.106069,0.085519,51.344,0
356,1413393247.905761,235,250,419,334,19.907197,3,23.864,52.742,128919.487901,1,127434.807034,141.934524,461.876058,165.734263,715.136023,0.308863,0.106429,0.085514,59.430,0
357,1413393248.005760,221,252,421,340,12.351248,4,25.950,57.619,129533.608745,1,128034.632894,144.971957,493.799269,171.587883,688.616741,0.341108,0.107013,0.085510,62.527,0
358,1413393248.105761,242,250,406,322,27.511085,5,30.809,58.979,130291.786391,1,128586.835614,170.962067,577.490945,167.465173,789.032591,0.337215,0.108226,0.085499,65.028,0
359,1413393248.205760,233,245,390,310,20.277150,5,29.085,56.770,130884.701306,1,129113.725691,258.511178,593.653827,164.672484,754.138125,0.314570,0.109066,0.085505,61.658,0
360,1413393248.305760,236,246,362,287,11.377081,5,30.859,56.768,131759.682836,1,129620.817720,456.643592,676.967724,167.314380,837.939420,0.284518,0.109522,0.085515,62.934,0
361,1413393248.405761,240,237,363,281,13.202055,6,33.238,58.880,132499.580212,1,130108.092956,686.440994,690.759817,150.168045,864.118400,0.276787,0.109595,0.085524,64.241,0
362,1413393248.505760,244,229,335,267,11.848101,7,39.656,66.017,133381.051358,1,130565.892610,1017.695098,784.710313,132.684346,880.068992,0.268928,0.109596,0.085540,73.280,0
363,1413393248.605761,233,229,334,266,18.104469,6,33.888,60.576,134161.406479,1,131022.337103,1390.714987,742.836574,122.925792,882.592023,0.287972,0.109754,0.085549,65.852,0
364,1413393248.705760,242,229,315,247,19.020470,5,32.685,61.793,134918.959782,1,131479.573743,1583.250958,757.047175,162.789391,936.298515,0.326120,0.110095,0.085543,67.861,0
365,1413393248.805760,242,228,296,235,13.986518,4,29.324,62.211,135351.220875,1,131993.268689,1644.159176,684.090329,157.758409,871.944271,0.362553,0.110323,0.085527,67.466,0
366,1413393248.905761,242,231,297,245,16.391346,3,25.552,56.507,136006.852393,1,132532.436969,1708.883701,692.078554,161.628195,911.824975,0.348319,0.110449,0.085522,62.204,0
367,1413393249.005760,235,234,301,251,24.436260,5,36.091,71.205,136275.797754,1,133135.440819,1619.722869,566.549538,177.244965,776.839562,0.294855,0.110483,0.085530,76.856,0
368,1413393249.105761,235,240,308,265,24.648978,4,33.202,67.929,136584.037748,1,133684.487855,1362.496848,457.070102,204.095368,875.887574,0.257137,0.110563,0.085538,74.414,0
369,1413393249.205760,232,237,313,267,16.005238,4,29.711,64.797,136801.689211,1,134076.888940,1094.831804,397.526642,227.669353,1004.772472,0.231391,0.110738,0.085543,70.352,0
370,1413393249.305760,236,243,326,270,11.319537,4,31.531,67.996,137129.900773,1,134817.188118,795.273988,415.598584,230.010647,871.829436,0.199750,0.110898,0.085552,76.099,0
371,1413393249.405761,244,247,324,260,10.987456,4,28.102,63.059,137357.006618,1,135409.058852,383.978588,417.701012,250.944771,895.323396,0.176074,0.111070,0.085558,68.662,0
372,1413393249.505760,240,244,331,264,9.064293,4,30.519,39.063,137190.045218,1,135477.880159,145.799614,408.397024,246.445983,911.522437,0.130769,0.111310,0.085557,45.529,0
373,1413393249.605761,244,254,337,264,17.592803,3,25.270,55.379,137183.213000,1,135475.965114,151.231267,427.681046,233.231403,895.104170,0.109532,0.111421,0.085552,62.131,0
374,1413393249.705760,244,247,337,264,8.423684,3,24.897,31.324,137675.352611,1,135812.049256,131.539237,517.871470,234.101982,979.790667,0.159262,0.111644,0.085549,36.802,0
375,1413393249.805760,242,247,344,266,9.449314,3,23.907,23.908,137521.301946,1,135813.058194,137.490765,485.203550,215.562040,869.987397,0.211028,0.111804,0.085543,29.480,0
376,1413393249.905761,249,241,341,261,8.402527,3,23.908,23.909,137565.048685,1,135816.914252,145.421876,492.450714,214.742309,895.519534,0.249625,0.111990,0.085541,30.780,0
377,1413393250.005760,239,244,343,262,15.130764,3,24.999,54.633,137471.283256,1,135820.661660,154.002811,434.145140,205.860693,856.612951,0.241438,0.112181,0.085540,59.970,0
378,1413393250.105761,245,248,341,261,11.508133,4,27.392,59.469,138106.186950,1,136338.199531,157.673589,472.893865,245.670908,891.749058,0.254713,0.112399,0.085540,64.768,0
379,1413393250.205760,246,253,338,253,14.459568,3,25.104,59.267,138558.199405,1,136853.816444,164.133191,486.999958,208.833872,844.415939,0.279881,0.112683,0.085539,64.946,0
380,1413393250.305760,236,246,330,248,10.056805,7,41.820,75.250,139174.768001,0,137349.247181,176.724066,554.195004,190.163615,904.438136,0.294375,0.112941,0.085540,82.483,0
381,1413393250.405761,235,240,344,247,4.807182,3,24.348,29.690,139546.435038,1,137827.858474,171.391745,497.986041,185.968961,863.229818,0.312820,0.113112,0.085544,35.427,0
382,1413393250.505760,236,231,343,249,12.385871,3,24.957,49.654,139460.577235,1,137830.676950,183.687720,452.202578,158.976072,835.033915,0.307673,0.113257,0.085543,55.205,0
383,1413393250.605761,236,226,340,247,13.779178,4,25.807,52.667,139944.681386,1,138304.991963,183.859687,452.961327,154.717291,848.151117,0.282105,0.113421,0.085543,57.853,0
384,1413393250.705760,238,244,341,246,14.646354,7,39.524,67.237,140446.620109,0,138808.368448,180.056469,453.031548,165.996924,839.166720,0.250782,0.113553,0.085545,73.930,0
385,1413393250.805760,234,249,339,249,10.564883,3,22.960,52.835,140990.708096,1,139329.489161,179.712970,491.419488,166.479173,823.607304,0.209854,0.113674,0.085544,58.017,0
386,1413393250.905761,240,256,341,255,15.836766,3,24.849,55.806,141526.490662,1,139856.369684,172.512075,482.798216,174.215054,840.595633,0.158913,0.113777,0.085544,61.477,0
387,1413393251.005760,245,246,332,252,14.596461,4,26.888,63.552,142061.873111,1,140440.962972,133.915906,433.014856,187.658030,866.321348,0.108149,0.113840,0.085549,69.911,0
388,1413393251.105761,246,248,332,249,10.160198,4,30.716,61.037,142450.573395,1,141025.893070,129.673684,367.235476,151.271149,776.500015,0.070693,0.113950,0.085554,69.101,0
389,1413393251.205760,243,251,320,243,11.815687,3,22.703,51.936,142962.596312,1,141608.573467,118.299433,387.011713,146.902035,701.809664,0.078093,0.113988,0.085558,57.273,0
390,1413393251.305760,243,249,317,246,23.698717,3,24.706,55.517,143544.929144,1,142161.770119,106.777544,403.957275,149.178315,723.245891,0.098055,0.114058,0.085561,61.099,0
391,1413393251.405761,240,248,311,241,32.335490,3,23.522,53.728,144068.724671,1,142716.621231,91.667864,393.525244,142.702851,724.207481,0.087923,0.114145,0.085566,59.801,0
392,1413393251.505760,237,248,310,245,36.265254,7,39.883,70.836,144790.690524,0,143301.526844,100.867813,478.064359,129.555725,780.675783,0.122765,0.114279,0.085572,77.100,0
393,1413393251.605761,229,250,311,244,36.590776,3,25.181,62.271,145543.147936,1,143876.623537,113.672411,507.847817,131.545548,913.458623,0.158499,0.114307,0.085579,67.897,0
394,1413393251.705760,233,257,322,252,35.498949,3,25.483,62.874,146290.143236,1,144422.659985,126.393611,629.936010,127.111504,984.042127,0.194695,0.114271,0.085583,68.738,0
395,1413393251.805760,240,261,326,254,33.559705,3,24.577,63.790,146889.810044,1,144946.980105,122.898822,757.931035,122.873160,939.126922,0.236788,0.114222,0.085580,69.901,0
396,1413393251.905761,245,264,331,247,31.680122,4,30.865,68.072,147581.768479,1,145466.317537,111.556628,881.815718,133.504369,988.574226,0.277350,0.113971,0.085573,74.481,0
397,1413393252.005760,239,260,325,246,31.742011,5,31.323,70.734,148068.931744,1,145964.974680,112.982706,841.255732,148.238309,1001.480317,0.298065,0.113306,0.085568,77.117,0
398,1413393252.105761,226,252,340,263,33.913778,4,28.208,62.034,148573.469284,1,146431.782736,128.442760,864.975829,149.618847,998.649112,0.304924,0.112646,0.085567,67.753,0
399,1413393252.205760,232,239,344,273,29.246407,4,26.735,59.572,148962.234566,1,146872.725660,132.008951,795.553706,150.518185,1011.428064,0.289534,0.112010,0.085569,64.819,0
400,1413393252.305760,240,238,341,272,25.332649,4,27.965,60.296,149309.195103,1,147317.013795,137.406139,732.968300,153.429597,968.377271,0.270456,0.111407,0.085572,65.570,0
401,1413393252.405761,241,244,328,273,26.757571,5,31.156,62.323,149858.995876,1,147744.115698,130.786900,828.857321,168.592661,986.643295,0.245913,0.110875,0.085571,67.836,0
402,1413393252.505760,209,253,347,295,25.669978,6,35.217,62.536,149905.410976,1,148095.551641,135.411895,636.619984,164.918077,872.909379,0.176796,0.110440,0.085568,68.829,0
403,1413393252.605761,241,255,352,300,20.169309,4,26.548,56.134,150332.550241,1,148511.667935,137.609754,590.537796,190.568358,902.166399,0.117497,0.110213,0.085562,61.798,0
404,1413393252.705760,246,248,352,295,15.217468,3,23.489,56.360,150718.224610,1,148989.646228,128.566959,540.006370,189.647133,870.357919,0.112709,0.109913,0.085561,61.856,0
405,1413393252.805760,245,269,353,298,14.034025,6,40.624,71.677,151188.577995,1,149441.766838,110.612665,638.436981,130.148206,867.613304,0.105634,0.109319,0.085557,77.638,0
406,1413393252.905761,245,270,344,292,16.972493,3,25.804,56.076,151644.005355,1,149853.638879,88.830447,648.549960,148.106416,904.879653,0.075664,0.108492,0.085560,62.283,0
407,1413393253.005760,237,270,342,292,18.311331,4,30.218,59.630,152142.465834,1,150303.420299,68.932895,607.736225,184.178981,978.197434,0.057660,0.107667,0.085568,68.886,0
408,1413393253.105761,253,253,335,284,14.730027,5,41.579,71.423,152805.939461,1,150838.265056,70.678649,665.642114,192.032464,1039.321179,0.043871,0.106982,0.085575,79.308,0
409,1413393253.205760,249,255,330,276,11.377236,3,25.407,56.872,153344.780952,1,151400.643508,82.071286,635.091438,190.988195,1035.986526,0.052084,0.106438,0.085579,63.935,0
410,1413393253.305760,252,264,297,262,11.782977,4,33.313,62.717,153955.779808,1,151998.855258,82.713511,617.608072,194.187773,1062.415193,0.106174,0.106001,0.085584,70.819,0
411,1413393253.405761,248,262,302,267,9.776547,3,27.045,36.730,154478.774033,1,152619.625697,71.333493,596.283027,171.604594,1019.927223,0.163101,0.105784,0.085588,44.326,0
412,1413393253.505760,253,260,300,265,11.937786,2,22.242,49.012,154414.739374,1,152618.433296,71.167658,602.422012,168.115633,954.600775,0.222250,0.105541,0.085586,55.991,0
413,1413393253.605761,248,258,300,266,6.393955,6,44.572,50.418,154950.824315,1,153260.107611,66.255736,484.831223,180.115052,959.514694,0.291768,0.105230,0.085588,57.110,0
414,1413393253.705760,246,260,301,267,17.926075,5,42.660,73.930,154966.124681,1,153257.837066,66.299593,520.348067,181.840612,939.799342,0.336576,0.105114,0.085588,81.470,0
415,1413393253.805760,253,253,297,267,13.871822,6,38.081,75.730,155886.633903,0,154054.284880,68.959449,535.714074,185.621198,1042.054301,0.348935,0.104960,0.085587,82.819,0
416,1413393253.905761,251,257,291,263,11.742344,5,38.479,72.914,156868.090542,0,154895.966246,55.933574,617.428324,191.578504,1107.183892,0.356121,0.105001,0.085586,81.041,0
417,1413393254.005760,245,252,296,268,8.471119,4,35.044,45.058,157773.765419,1,155703.556311,39.716181,689.324323,199.492272,1141.676332,0.393591,0.105067,0.085587,52.626,0
418,1413393254.105761,228,253,296,269,19.971646,3,28.012,63.297,157714.228253,1,155702.236777,39.356475,689.404318,195.897517,1087.333166,0.385938,0.104911,0.085592,71.957,0
419,1413393254.205760,232,243,312,283,16.674044,5,38.122,75.031,158660.074334,1,156504.957356,36.810339,801.142771,198.574194,1118.589674,0.411230,0.104644,0.085600,84.655,0
420,1413393254.305760,232,233,320,292,21.862617,4,35.189,72.262,159487.155541,1,157323.575440,38.015028,826.004672,182.661978,1116.898424,0.408467,0.104369,0.085606,81.066,0
421,1413393254.405761,236,241,322,292,22.699679,4,29.657,65.554,160377.232171,1,158150.484148,38.810373,879.628331,181.783478,1126.525842,0.416671,0.103837,0.085612,70.731,0
422,1413393254.505760,231,250,332,302,20.250804,5,34.784,68.990,161235.177042,1,158927.073516,38.292712,920.796435,193.804306,1155.210072,0.441409,0.103477,0.085618,76.521,0
423,1413393254.605761,223,238,335,307,15.672377,5,36.101,73.074,162152.418742,1,159706.017622,40.031662,975.341018,206.331983,1224.696458,0.476566,0.103177,0.085625,78.784,0
424,1413393254.705760,210,234,356,324,7.520779,6,35.587,42.422,162620.795774,1,160470.620987,42.839527,816.871588,219.752640,1070.711032,0.521258,0.102772,0.085630,48.545,0
425,1413393254.805760,232,225,379,341,14.335461,4,29.284,57.370,162435.373525,1,160470.317987,43.248750,716.212447,206.240992,999.353350,0.547085,0.102603,0.085631,62.716,0
426,1413393254.905761,216,218,391,354,19.951640,4,27.655,54.562,163183.747757,1,161176.370848,49.600600,762.675118,199.694491,995.406700,0.518546,0.102232,0.085638,59.956,0
427,1413393255.005760,230,239,404,363,16.687078,4,27.806,51.614,163980.479017,1,161848.290410,53.168192,808.318884,228.473876,1042.227655,0.502755,0.101797,0.085646,57.198,0
428,1413393255.105761,238,238,399,360,12.132516,4,27.242,51.655,164491.837023,1,162483.031521,58.656208,712.122959,219.402079,1018.624257,0.477115,0.101507,0.085654,56.550,0
429,1413393255.205760,240,257,401,360,12.729225,6,36.293,59.601,166835.077532,1,163124.510837,111.585071,1868.245124,231.419462,1499.317038,0.443616,0.101176,0.085654,65.967,0
430,1413393255.305760,238,241,400,363,13.138479,4,27.099,53.838,165909.266935,1,163806.575295,54.666660,733.183960,232.411987,1082.429033,0.383138,0.100598,0.085658,59.043,0
431,1413393255.405761,241,233,403,367,9.869902,5,33.949,39.102,166484.564017,1,164463.188592,54.361969,690.808658,216.801931,1059.402866,0.336993,0.100274,0.085657,45.480,0
432,1413393255.505760,243,241,407,362,15.455471,3,24.299,42.247,166285.115226,1,164459.750137,54.459171,596.706213,198.485058,975.714646,0.299831,0.100211,0.085657,47.732,0
433,1413393255.605761,247,240,409,363,3.931457,4,29.307,35.065,166925.332982,1,165040.208118,46.223466,629.182054,208.024680,1001.694664,0.273434,0.100071,0.085655,40.310,0
434,1413393255.705760,252,240,416,366,5.704533,3,23.422,23.423,166876.608911,1,165038.804274,46.504122,618.765682,202.111822,970.423012,0.247625,0.100134,0.085654,29.381,0
435,1413393255.805760,246,238,422,375,9.355679,3,22.663,22.665,166894.432241,1,165038.792137,47.485426,628.268146,199.748466,980.138065,0.237728,0.100134,0.085652,28.399,0
436,1413393255.905761,248,235,392,349,15.015381,3,22.626,40.385,166911.389507,1,165039.203810,48.866326,637.156933,197.714900,988.447538,0.248834,0.100121,0.085648,46.258,0
437,1413393256.005760,244,244,387,344,11.266829,4,29.780,53.787,167516.596669,1,165616.316997,48.619176,640.303741,187.504517,1023.852239,0.269839,0.100056,0.085646,61.324,0
438,1413393256.105761,244,260,356,323,10.288379,4,38.207,64.535,168122.539463,1,166223.912866,47.471676,594.962941,205.641558,1050.550422,0.287889,0.099790,0.085649,72.829,0
439,1413393256.205760,248,257,363,326,7.459410,4,30.406,35.960,168814.874307,1,166941.207438,54.161430,564.245879,199.417609,1055.841951,0.312685,0.099547,0.085655,42.768,0
440,1413393256.305760,249,256,350,319,10.705090,3,25.355,48.039,168790.177422,1,166941.128344,55.689623,544.319650,196.654538,1052.385266,0.340417,0.099376,0.085659,55.196,0
441,1413393256.405761,250,255,351,322,3.016553,7,49.825,55.582,169561.703611,1,167696.189960,55.993177,548.815912,205.951191,1054.753371,0.367095,0.099039,0.085666,63.270,0
442,1413393256.505760,248,252,355,330,6.569054,3,26.984,26.985,169555.248417,1,167693.863071,57.072890,556.762911,206.199651,1041.349895,0.412176,0.098899,0.085669,34.931,0
443,1413393256.605761,243,244,353,330,12.772878,3,25.076,52.113,169530.145137,1,167692.406245,58.110548,543.976265,205.155731,1030.496348,0.464335,0.098871,0.085665,59.647,0
444,1413393256.705760,243,241,354,329,4.978612,4,29.928,35.915,170473.800476,1,168504.614870,64.282468,575.440503,229.881035,1099.581600,0.485257,0.098798,0.085670,42.405,0
445,1413393256.805760,235,242,364,337,12.023051,3,26.983,54.049,170341.163994,1,168499.936279,65.732514,533.491681,223.138273,1018.865247,0.507017,0.098736,0.085672,61.768,0
446,1413393256.905761,251,241,366,337,6.634421,6,43.889,49.797,171249.945660,1,169349.278264,65.737479,579.598710,235.345413,1019.985793,0.512656,0.098531,0.085678,57.157,0
447,1413393257.005760,246,241,354,328,11.921125,3,25.352,52.907,171222.621836,1,169348.200787,70.652703,570.731301,228.611303,1004.425742,0.543284,0.098340,0.085682,60.025,0
448,1413393257.105761,248,238,360,333,7.723277,4,31.923,38.199,172164.793537,1,170211.211232,81.596633,569.430817,239.548992,1063.005861,0.551423,0.097945,0.085682,45.037,0
449,1413393257.205760,242,247,352,329,14.113974,3,28.575,54.791,172126.751107,1,170211.374614,93.767300,568.184325,230.175752,1023.249116,0.564878,0.097664,0.085684,63.197,0
450,1413393257.305760,241,244,360,334,5.326769,4,30.985,40.774,173174.082251,1,171081.282238,107.139566,611.512998,247.380566,1126.766883,0.572535,0.097303,0.085684,47.199,0
451,1413393257.405761,240,251,360,333,10.068224,3,26.605,57.580,173152.482488,1,171078.370758,114.417944,603.406525,240.072780,1116.214482,0.584282,0.097163,0.085690,64.792,0
452,1413393257.505760,240,250,370,342,5.217022,4,30.901,37.234,174020.851834,1,171991.722292,100.326444,548.867083,246.502273,1133.433743,0.583327,0.096991,0.085688,43.407,0
453,1413393257.605761,249,249,378,348,9.745661,3,26.991,26.993,174048.508722,1,171989.389333,100.760369,576.666750,246.586476,1135.105794,0.596746,0.096945,0.085687,35.248,0
454,1413393257.705760,249,253,375,348,15.825216,3,25.928,59.705,174091.468808,1,171988.307702,103.928028,595.180502,241.176124,1162.876452,0.605906,0.096876,0.085687,66.799,0
455,1413393257.805760,244,247,373,347,5.568629,5,35.198,41.717,175269.507854,1,172917.727585,114.372123,681.771574,258.413040,1297.223532,0.596579,0.096675,0.085685,48.649,0
456,1413393257.905761,241,255,378,350,12.005446,3,27.616,58.091,175060.167208,1,172912.470176,120.039093,611.544543,249.770778,1166.342619,0.606870,0.096637,0.085687,67.281,0
457,1413393258.005760,245,253,385,355,9.271009,4,30.354,36.614,176008.830112,1,173792.485636,121.690429,645.413611,256.980917,1192.259519,0.607210,0.096593,0.085691,42.927,0
458,1413393258.105761,239,265,390,360,17.400484,3,26.755,57.267,175983.221483,1,173790.244412,126.892898,637.423857,254.235704,1174.424612,0.608370,0.096577,0.085692,64.272,0
459,1413393258.205760,243,263,397,367,7.162481,4,28.762,34.886,176896.692408,1,174632.720890,120.971032,669.115418,253.107959,1220.777108,0.612658,0.096574,0.085702,41.157,0
460,1413393258.305760,227,265,404,374,14.256657,4,31.453,59.098,176864.746585,1,174630.676467,123.577522,680.249069,253.282105,1176.961423,0.603388,0.096593,0.085706,66.779,0
461,1413393258.405761,230,264,403,376,19.132043,4,29.117,58.806,177779.905133,1,175460.133821,115.157917,710.978038,252.092935,1241.542422,0.587828,0.096507,0.085716,64.931,0
462,1413393258.505760,232,255,404,374,26.893357,4,29.294,58.217,178694.639852,1,176289.836784,101.857332,727.206040,247.416107,1328.323589,0.527993,0.096393,0.085726,67.563,0
463,1413393258.605761,226,260,408,379,30.001858,4,29.353,60.555,179388.710885,1,177116.038861,87.183607,689.768692,239.665558,1256.054168,0.496838,0.096352,0.085737,66.810,0
464,1413393258.705760,229,260,396,371,33.588098,4,28.645,59.127,180123.637424,1,177876.341838,75.153177,713.449542,230.611732,1228.081136,0.440574,0.096204,0.085746,65.120,0
465,1413393258.805760,239,253,395,368,34.213958,4,28.895,60.834,180927.532959,1,178654.589337,73.934532,712.179775,239.364499,1247.464816,0.422689,0.096074,0.085754,67.202,0
466,1413393258.905761,244,252,392,365,35.648730,5,34.977,64.045,181701.982496,1,179486.435562,90.753863,633.902553,237.728994,1253.161524,0.400572,0.095951,0.085750,71.908,0
467,1413393259.005760,235,255,383,361,35.789656,4,31.027,61.587,182587.029840,1,180317.467644,102.786926,675.487427,228.768031,1262.519813,0.391610,0.095873,0.085746,70.081,0
468,1413393259.105761,241,257,370,349,33.079606,4,32.321,59.148,183233.871744,1,181102.972080,107.982893,615.699474,219.670505,1187.546793,0.398310,0.095848,0.085745,68.982,0
469,1413393259.205760,243,254,361,345,34.127675,4,30.507,61.177,184095.131989,1,181900.479205,114.172634,658.373464,221.623462,1200.483224,0.404283,0.095825,0.085737,69.782,0
470,1413393259.305760,241,255,351,330,33.695612,3,27.251,56.062,184981.961852,1,182690.101932,128.891367,703.065429,222.715207,1237.187917,0.421135,0.095816,0.085729,63.701,0
471,1413393259.405761,35,250,368,350,0.000000,3,23.790,54.108,185593.115125,1,183469.058620,124.287149,705.702368,213.552071,1080.514917,0.441809,0.095868,0.085724,60.115,0
472,1413393259.505760,132,247,447,384,0.000000,3,23.586,53.951,186183.977810,1,184208.214064,120.055247,620.982409,214.913608,1019.812482,0.473532,0.095935,0.085719,60.639,0
473,1413393259.605761,157,237,555,515,0.000000,3,21.496,52.661,186758.756805,1,184940.324574,115.363578,549.306537,207.705096,946.057020,0.489983,0.096068,0.085710,58.050,0
474,1413393259.705760,224,294,577,533,33.787594,4,26.568,58.952,187412.693103,1,185653.223222,139.891188,458.059871,216.890118,944.628704,0.494001,0.095995,0.085708,64.422,0
475,1413393259.805760,229,341,586,542,34.848868,4,26.168,57.964,188031.617321,1,186286.111206,149.253610,455.986479,225.531419,914.734607,0.495888,0.096217,0.085694,63.405,0
476,1413393259.905761,224,390,603,561,33.840282,3,22.899,54.924,188655.950202,1,186869.041521,138.093893,465.286764,270.228818,913.299206,0.514984,0.096482,0.085683,61.089,0
477,1413393260.005760,239,228,608,564,32.335178,4,26.847,56.470,189187.015433,1,187414.270574,121.485445,482.915579,271.707290,896.636546,0.518564,0.096551,0.085673,62.243,0
478,1413393260.105761,238,244,606,560,31.131172,3,18.248,25.874,189285.253293,1,187865.380822,112.077857,485.235339,146.119964,676.439311,0.528491,0.096664,0.085660,30.575,0
479,1413393260.205760,238,260,421,380,29.309340,3,20.262,24.705,189569.940242,1,187969.861813,108.110253,567.907277,158.554291,765.506609,0.533729,0.096889,0.085644,31.083,0
480,1413393260.305760,237,267,427,385,28.730051,4,26.175,31.052,189943.340720,1,188097.886632,102.334386,704.285032,164.243087,874.591582,0.538544,0.097416,0.085620,36.714,0
481,1413393260.405761,240,264,395,382,30.510000,4,28.137,39.255,190360.784103,1,188228.325019,99.085384,824.539752,160.003804,1048.830144,0.501576,0.097924,0.085603,45.271,0
482,1413393260.505760,211,254,405,392,33.781780,3,26.017,43.599,190766.347215,1,188522.474095,101.495366,838.815157,167.445884,1136.116713,0.431593,0.098276,0.085599,50.803,0
483,1413393260.605761,218,255,395,381,33.174728,4,32.368,58.478,191234.755156,1,188895.935521,120.704856,887.266927,186.597995,1144.249857,0.315373,0.098491,0.085585,67.833,0
484,1413393260.705760,244,252,382,369,24.131737,3,25.882,55.446,191755.223266,1,189435.133746,131.941466,855.725470,188.038635,1144.383949,0.191091,0.098259,0.085582,62.591,0
485,1413393260.805760,242,250,387,373,8.261062,4,32.331,40.125,192442.017068,1,190044.699872,134.631765,874.308050,197.535444,1190.841937,0.148187,0.098287,0.085580,48.841,0
486,1413393260.905761,239,266,386,369,20.539431,3,27.799,57.067,192344.307978,1,190049.502870,135.061005,823.226857,195.523985,1140.993261,0.201629,0.098425,0.085582,64.307,0
487,1413393261.005760,243,277,383,366,35.273534,4,30.502,63.245,192863.962587,1,190672.102435,127.017165,748.881551,205.621961,1110.339475,0.242916,0.098931,0.085574,69.990,0
488,1413393261.105761,239,272,377,362,29.474098,3,29.449,63.178,193471.787572,1,191355.133268,113.930341,697.320912,210.454172,1094.948879,0.242452,0.099334,0.085572,72.132,0
489,1413393261.205760,247,250,370,356,21.234955,3,26.588,63.990,194241.797996,1,192049.555881,104.941275,753.227830,197.761674,1136.311336,0.237313,0.099736,0.085573,71.896,0
490,1413393261.305760,251,250,354,339,13.558718,3,27.574,57.904,194748.475524,1,192743.769930,101.056635,674.573790,186.278354,1042.796816,0.246148,0.100122,0.085575,65.562,0
491,1413393261.405761,237,249,365,350,5.234381,3,26.502,35.859,195435.647949,1,193437.447212,102.223087,658.940320,178.736995,1058.300334,0.254864,0.100449,0.085576,42.861,0
492,1413393261.505760,233,251,349,335,21.374436,3,27.082,55.376,195426.940173,1,193443.269913,105.510236,659.850796,173.900345,1044.408882,0.295271,0.100608,0.085573,62.956,0
493,1413393261.605761,223,252,346,332,25.022457,3,25.415,56.315,196121.678474,1,194186.496281,114.110572,582.110555,194.414753,1044.546312,0.291685,0.101007,0.085563,63.258,0
494,1413393261.705760,214,257,366,344,35.102429,3,30.951,65.763,196748.933845,1,194953.472713,115.853381,509.571356,220.741136,949.295259,0.279891,0.101189,0.085556,73.479,0
495,1413393261.805760,202,258,379,359,39.875280,3,26.973,67.525,197597.915163,1,195781.852377,110.101907,534.094493,212.836129,959.030256,0.278509,0.101352,0.085556,75.362,0
496,1413393261.905761,217,267,399,372,41.457941,3,30.133,68.496,198391.525865,1,196605.968479,100.961120,489.606800,213.479315,981.510150,0.283575,0.101684,0.085556,76.662,0
497,1413393262.005760,227,269,406,373,35.951464,3,26.423,70.492,199108.657230,1,197382.189082,97.935950,486.060259,204.708909,937.763030,0.292665,0.101899,0.085556,77.429,0
498,1413393262.105761,232,286,417,382,30.054596,4,33.983,72.074,199955.091911,1,198164.471507,97.821813,515.125371,205.294419,972.378799,0.302699,0.101999,0.085559,80.522,0
499,1413393262.205760,231,282,414,377,22.960837,5,39.361,78.265,201024.219671,1,198944.564880,96.712561,676.747862,210.196577,1095.997791,0.313847,0.102009,0.085558,86.180,0
500,1413393262.305760,223,270,411,372,15.424218,4,32.975,67.440,201863.575346,1,199696.540325,87.566278,714.739784,209.686065,1155.042895,0.313548,0.102010,0.085559,75.998,0
501,1413393262.405761,234,267,424,379,9.096210,5,34.335,43.703,202452.224984,1,200386.569859,74.843818,691.443688,199.823909,1099.543709,0.316995,0.102126,0.085551,51.534,0
502,1413393262.505760,231,251,409,362,15.606514,4,28.837,56.358,202437.648683,1,200381.418335,74.676537,694.341500,197.983409,1089.228902,0.321113,0.102378,0.085548,62.340,0
503,1413393262.605761,230,249,411,364,6.093064,5,31.357,38.091,203109.808335,1,201019.446074,75.775272,733.266868,199.258391,1082.061729,0.323808,0.102718,0.085543,43.535,0
504,1413393262.705760,211,241,407,363,11.289958,3,24.361,48.741,202994.261030,1,201015.179390,75.951757,687.916898,186.098777,1029.114208,0.344084,0.103013,0.085542,54.693,0
505,1413393262.805760,224,241,416,363,4.959842,4,27.580,33.752,203831.978547,1,201592.063941,69.498260,849.903789,207.029694,1113.482862,0.372316,0.103205,0.085533,40.432,0
506,1413393262.905761,217,241,395,349,9.959012,3,24.325,47.929,203700.454070,1,201586.852166,70.894547,768.924889,186.728172,1087.054296,0.383695,0.103323,0.085529,53.941,0
507,1413393263.005760,224,236,411,354,7.414381,4,28.104,35.259,204491.667027,1,202144.710906,82.767355,871.829345,185.046517,1207.312905,0.364745,0.103449,0.085514,41.527,0
508,1413393263.105761,220,232,401,345,15.235368,3,23.122,46.146,204328.555494,1,202135.736901,76.564141,826.088237,175.369180,1114.797035,0.384620,0.103401,0.085520,51.858,0
509,1413393263.205760,213,227,416,354,8.418518,4,28.663,35.166,205075.643373,1,202689.922552,80.787943,888.286353,187.539619,1229.106907,0.371001,0.103643,0.085511,40.732,0
510,1413393263.305760,214,237,414,350,15.264652,3,23.595,48.665,204918.775981,1,202686.683754,78.428688,814.558956,176.580064,1162.524521,0.367280,0.103632,0.085516,54.172,0
511,1413393263.405761,220,236,426,359,6.423132,4,26.366,32.762,205521.293970,1,203256.925539,69.800899,848.130964,190.909046,1155.527522,0.388155,0.103581,0.085513,37.992,0
512,1413393263.505760,214,233,433,362,11.454413,4,28.474,55.539,205497.896339,1,203254.587234,71.322513,824.820145,182.923294,1164.243154,0.419534,0.103434,0.085518,61.955,0
513,1413393263.605761,187,226,441,364,6.711602,4,25.315,31.633,205996.355283,1,203797.656533,67.977583,801.657404,180.391151,1148.672612,0.448063,0.103494,0.085515,36.610,0
514,1413393263.705760,197,221,462,374,18.011449,3,21.452,46.665,205910.042754,1,203796.636937,67.968306,753.478286,177.946684,1114.012541,0.465613,0.103448,0.085521,51.750,0
515,1413393263.805760,199,213,477,379,12.888482,4,24.197,50.386,206394.983284,1,204311.022588,61.309042,765.881157,189.844794,1066.925703,0.434732,0.103652,0.085532,55.070,0
516,1413393263.905761,175,206,481,369,9.456247,5,28.582,33.733,207097.380139,1,204796.750979,55.235658,829.955944,175.162118,1240.275441,0.377022,0.103632,0.085543,40.369,0
517,1413393264.005760,191,203,500,373,20.718134,3,20.499,40.239,206751.663507,1,204791.976100,57.247769,733.632904,167.744265,1001.062468,0.309589,0.103548,0.085550,44.945,0
518,1413393264.105761,188,188,499,374,17.295682,4,22.953,44.017,207115.339558,1,205223.288312,43.125389,727.235222,160.890090,960.800545,0.280269,0.103551,0.085559,48.264,0
519,1413393264.205760,198,192,506,368,20.750513,10,37.946,55.644,207792.264401,0,205646.488267,31.810291,754.156671,187.141029,1172.668142,0.242380,0.103564,0.085567,60.482,0
520,1413393264.305760,205,191,497,353,22.283102,7,29.511,47.488,207756.457279,1,206008.532548,27.440804,619.676316,176.098293,924.709319,0.209620,0.103641,0.085573,53.537,0
521,1413393264.405761,211,194,486,343,17.716455,5,28.170,44.304,207986.626233,1,206351.458493,23.096020,565.224146,165.533074,881.314499,0.193141,0.103662,0.085574,48.898,0
522,1413393264.505760,214,186,465,320,13.238543,4,19.595,35.712,208204.025698,1,206694.160394,20.430514,481.573782,172.631725,835.229283,0.185005,0.103757,0.085575,39.899,0
523,1413393264.605761,229,178,474,317,5.703283,6,27.965,32.289,208586.145293,1,207020.429641,25.214435,548.963349,154.267695,837.270172,0.206454,0.103920,0.085570,36.792,0
524,1413393264.705760,227,175,483,323,7.924147,2,14.790,14.791,208373.770559,1,207020.301457,25.891191,419.946135,138.638029,768.993747,0.222861,0.103975,0.085567,18.836,0
525,1413393264.805760,218,184,470,315,11.082601,3,16.547,27.676,208433.581615,1,207020.359373,27.127531,430.258090,139.292650,816.543971,0.233763,0.104043,0.085566,31.560,0
526,1413393264.905761,224,181,485,315,6.448454,6,27.022,31.559,208885.635725,1,207341.584793,27.139674,494.798436,145.944106,876.168715,0.252016,0.104120,0.085564,35.763,0
527,1413393265.005760,214,181,441,287,11.664629,3,17.270,29.536,208763.221987,1,207340.201305,27.490982,462.497578,143.915927,789.116195,0.263097,0.104181,0.085569,33.552,0
528,1413393265.105761,217,176,437,273,5.659464,12,44.794,49.621,209856.788024,0,207690.204277,28.258909,747.404266,223.812970,1167.107602,0.266359,0.104273,0.085566,54.045,0
529,1413393265.205760,176,178,441,284,11.097488,3,16.658,28.255,209086.179051,1,207690.575981,29.352551,504.345446,142.466807,719.438267,0.247307,0.104328,0.085567,32.251,0
530,1413393265.305760,176,177,443,287,17.276756,4,20.422,36.296,209422.011926,1,208001.255304,31.473284,514.057027,138.756456,736.469854,0.214407,0.104368,0.085567,40.095,0
531,1413393265.405761,189,175,441,275,17.281586,10,37.925,56.077,210163.198870,0,208352.114808,33.292912,660.843203,128.061708,988.886239,0.158581,0.104479,0.085568,60.573,0
532,1413393265.505760,181,169,461,283,9.949452,11,43.848,48.887,210362.594800,0,208686.408277,33.180946,722.401581,123.626897,796.977099,0.085595,0.104595,0.085568,53.975,0
533,1413393265.605761,189,172,478,293,21.209866,3,16.201,30.834,209889.291401,1,208686.445062,32.200329,469.563353,109.337219,591.745438,0.039908,0.104587,0.085564,34.654,0
534,1413393265.705760,186,168,476,292,13.010943,3,16.000,33.852,210213.485615,1,209014.692467,29.220094,460.130108,107.470054,601.972892,0.052983,0.104558,0.085561,39.404,0
535,1413393265.805760,185,177,473,292,13.230511,7,29.638,47.554,210592.975923,1,209319.756850,32.162269,510.858981,124.774358,605.423465,0.078984,0.104556,0.085556,51.750,0
536,1413393265.905761,175,174,469,290,17.649836,5,21.185,38.199,210894.885771,1,209632.028385,38.707118,533.437952,123.836574,566.875743,0.118901,0.104599,0.085554,44.422,0
537,1413393266.005760,157,170,462,292,0.000000,4,19.721,35.783,211103.569191,1,209920.965667,44.369934,456.033175,116.289904,565.910512,0.163458,0.104674,0.085550,39.769,0
538,1413393266.105761,151,159,454,287,0.000000,3,16.566,32.116,211362.109615,1,210208.247230,46.263400,446.691628,118.831893,542.075464,0.199028,0.104774,0.085546,35.854,0
539,1413393266.205760,133,159,444,290,0.000000,11,37.412,52.689,211554.034405,0,210504.753724,49.366484,404.021438,94.219793,501.672966,0.244969,0.104894,0.085542,57.101,0
540,1413393266.305760,115,154,430,293,0.000000,3,13.432,29.151,211817.155110,1,210770.941191,45.129602,452.762849,91.811297,456.510171,0.287401,0.105034,0.085535,34.615,0
541,1413393266.405761,118,151,428,300,0.000000,3,14.059,28.854,211996.155970,1,211049.029381,43.951666,310.505452,97.036825,495.632647,0.309650,0.105166,0.085528,32.506,0
542,1413393266.505760,123,150,431,311,0.000000,5,18.874,34.111,212416.057812,1,211324.151183,43.558113,437.866050,97.679434,512.803032,0.348969,0.105376,0.085520,37.469,0
543,1413393266.605761,119,138,441,332,0.000000,5,17.534,31.239,212815.545223,1,211566.369297,51.111343,511.879995,104.694292,581.490296,0.288952,0.105628,0.085512,34.627,0
544,1413393266.705760,119,130,437,341,0.000000,5,15.503,27.248,213118.157454,1,211793.498095,59.347544,561.227834,96.030295,608.053686,0.167664,0.106180,0.085496,30.200,0
545,1413393266.805760,123,120,417,330,0.000000,6,16.559,26.739,213308.683636,1,211999.291748,61.241198,504.006930,102.357982,641.785778,0.095956,0.106444,0.085489,29.610,0
546,1413393266.905761,133,117,413,329,0.000000,5,14.437,23.404,213296.102640,1,212193.601552,62.260305,443.193627,100.244272,496.802883,0.159404,0.106479,0.085490,26.247,0
547,1413393267.005760,161,117,408,322,0.000000,5,14.446,22.154,213435.089346,1,212366.382690,62.881669,433.273772,102.695696,469.855520,0.313694,0.107285,0.085474,24.976,0
548,1413393267.105761,159,126,387,313,0.000000,4,12.457,19.616,213601.499156,1,212540.485091,73.472581,337.332768,110.866881,539.341836,0.395033,0.107754,0.085475,22.546,0
549,1413393267.205760,184,139,395,305,10.163745,6,18.054,25.387,213847.586282,1,212707.569925,94.533732,386.796075,187.759352,470.927199,0.314984,0.108144,0.085477,28.382,0
550,1413393267.305760,191,137,409,315,4.729760,4,14.554,17.454,214208.493911,1,212878.508306,105.714578,429.835182,221.727963,572.707882,0.219759,0.108241,0.085480,20.577,0
551,1413393267.405761,176,134,408,318,8.022161,3,12.379,12.380,214067.803612,1,212883.512848,115.310415,359.605279,206.365272,503.009798,0.174242,0.108598,0.085478,15.547,0
552,1413393267.505760,195,142,405,298,14.211467,3,11.557,18.712,214040.979564,1,212891.243894,125.524555,334.775996,187.663834,501.771284,0.182579,0.108957,0.085476,22.210,0
553,1413393267.605761,196,156,385,285,12.416712,4,15.755,23.427,214495.497590,1,213077.315112,144.078146,433.019634,196.099962,644.984735,0.221098,0.109349,0.085479,26.561,0
554,1413393267.705760,194,172,357,269,14.810738,7,26.627,34.859,214914.355425,1,213246.855494,154.872949,537.342031,225.334728,749.950223,0.284341,0.109598,0.085489,38.904,0
555,1413393267.805760,189,172,357,258,12.747157,3,14.743,24.050,215108.386751,1,213413.094410,168.201789,509.905771,208.233631,808.951151,0.312591,0.109494,0.085494,27.912,0
556,1413393267.905761,204,172,348,246,12.378820,3,16.802,26.820,215332.230383,1,213661.287421,171.511457,501.262038,204.351758,793.817710,0.261542,0.109263,0.085494,30.721,0
557,1413393268.005760,205,172,367,252,9.023932,3,16.348,20.105,215659.315626,1,213915.204593,158.255861,513.433074,203.289635,869.132463,0.203105,0.109221,0.085492,24.074,0
558,1413393268.105761,201,177,372,259,12.789828,3,17.175,26.709,215593.754280,1,213914.019232,152.959952,488.994006,200.772051,837.009039,0.176203,0.109311,0.085493,30.842,0
559,1413393268.205760,211,174,387,258,8.847997,4,21.788,26.117,216084.936877,1,214192.530049,143.182046,526.776784,216.056624,1006.391374,0.145631,0.109421,0.085495,30.460,0
560,1413393268.305760,213,185,378,254,15.218121,3,17.185,28.983,215860.252769,1,214194.510436,140.239054,455.700986,205.626068,864.176226,0.126568,0.109690,0.085492,33.161,0
561,1413393268.405761,214,179,376,256,6.836826,4,22.260,27.087,216339.225261,1,214542.324238,128.652611,534.820515,162.435793,970.992104,0.078143,0.110051,0.085496,31.458,0
562,1413393268.505760,216,189,390,271,18.137017,3,17.944,31.517,216184.738300,1,214545.055481,136.651896,429.984934,139.099573,933.946417,0.027520,0.110328,0.085497,35.853,0
563,1413393268.605761,229,184,382,259,5.873042,9,46.192,51.219,216969.273945,1,214885.022361,148.997390,844.962794,164.657366,925.634034,0.078534,0.110883,0.085501,55.931,0
564,1413393268.705760,219,184,402,267,4.819086,8,37.161,37.162,216459.801316,1,214890.188846,142.235782,478.739043,142.917551,805.720094,0.110138,0.111149,0.085499,42.187,0
565,1413393268.805760,231,184,405,267,5.846641,3,18.706,18.707,216432.110348,1,214894.312155,146.263248,458.817695,142.757762,789.959488,0.143763,0.111369,0.085495,24.009,0
566,1413393268.905761,210,180,393,264,8.018359,3,19.149,19.151,216517.365693,1,214898.741260,150.016122,476.562109,142.629876,849.416325,0.133274,0.111542,0.085492,23.537,0
567,1413393269.005760,212,190,394,264,11.074091,3,17.566,32.439,216473.924598,1,214904.362243,156.127387,474.885095,142.431265,796.118608,0.081873,0.111751,0.085490,36.807,0
568,1413393269.105761,217,185,392,258,7.557532,4,23.083,28.185,216984.789941,1,215296.833762,165.142916,498.954629,169.700873,854.157762,0.087774,0.112148,0.085489,32.678,0
569,1413393269.205760,205,192,397,259,16.325011,3,18.202,36.123,216787.345161,1,215301.617041,171.572502,375.893562,159.812542,778.449514,0.108602,0.112304,0.085486,40.514,0
570,1413393269.305760,205,191,408,268,6.624354,3,19.360,24.767,217307.761771,1,215743.042368,183.116537,417.023456,180.928455,783.650954,0.153884,0.112666,0.085481,29.099,0
571,1413393269.405761,196,200,404,271,27.840144,3,19.278,36.738,217255.446823,1,215747.072812,185.930035,412.142553,170.566394,739.735028,0.155005,0.112824,0.085477,41.572,0
572,1413393269.505760,201,200,404,264,28.303032,4,23.587,45.355,217788.276834,1,216193.768265,188.426754,460.195485,181.393680,764.492649,0.146012,0.113174,0.085472,49.775,0
573,1413393269.605761,203,207,397,261,19.734331,4,24.404,43.468,218210.370767,1,216622.807425,208.231796,421.880557,158.110688,799.340301,0.241714,0.113532,0.085469,49.197,0
574,1413393269.705760,208,207,388,263,17.248219,4,23.443,45.227,218838.406645,1,217046.524813,244.819295,550.967036,191.362304,804.733198,0.331151,0.113845,0.085473,49.996,0
575,1413393269.805760,209,207,375,271,15.371189,4,25.687,46.258,219322.329389,1,217518.402042,278.518912,424.668047,179.333336,921.407052,0.352353,0.114071,0.085481,51.518,0
576,1413393269.905761,195,205,364,273,18.405675,5,29.839,51.431,220149.386654,1,218026.927001,299.546631,614.322183,187.177624,1021.413216,0.314778,0.114299,0.085491,56.668,0
577,1413393270.005760,194,195,361,276,16.319497,5,31.670,53.185,220709.867096,1,218525.545687,309.497527,671.627493,214.157839,989.038549,0.300974,0.114589,0.085499,59.346,0
578,1413393270.105761,211,195,355,277,14.369074,5,28.465,51.586,221096.645717,1,219060.133693,285.806365,650.629571,191.622568,908.453521,0.282245,0.114972,0.085508,56.477,0
579,1413393270.205760,219,197,349,282,11.124897,4,24.627,47.786,221626.998731,1,219620.368549,280.043983,669.682344,196.345059,860.558796,0.259896,0.115332,0.085514,52.930,0
580,1413393270.305760,224,192,358,276,9.560394,4,26.155,35.470,222105.066379,1,220206.747857,255.521177,560.344623,224.705344,857.747378,0.230668,0.115662,0.085526,40.568,0
581,1413393270.405761,222,206,353,277,17.274987,3,21.094,40.957,221969.899421,1,220209.718587,258.211469,474.874421,215.421968,811.672976,0.202264,0.115835,0.085528,45.980,0
582,1413393270.505760,225,203,361,279,5.480262,6,34.168,40.240,222606.084489,1,220761.812033,245.602523,509.180734,213.888216,875.600983,0.173144,0.115958,0.085539,44.968,0
583,1413393270.605761,225,209,365,287,13.213587,3,21.000,41.086,222466.757045,1,220759.559564,246.031527,478.342831,209.995695,772.827428,0.190648,0.115694,0.085542,46.070,0
584,1413393270.705760,233,208,360,288,15.672199,7,37.039,60.614,223235.478332,0,221268.151478,239.164767,642.229215,202.897828,883.035044,0.111968,0.115300,0.085552,66.931,0
585,1413393270.805760,222,205,359,284,20.716264,6,37.180,58.809,223928.104680,1,221783.134193,256.466407,691.729460,218.444934,978.329686,0.097575,0.114914,0.085555,64.795,0
586,1413393270.905761,227,206,361,279,17.279278,7,36.971,58.593,224321.390776,0,222289.132714,269.473216,652.011150,182.213451,928.560245,0.195569,0.114647,0.085555,64.316,0
587,1413393271.005760,232,202,352,269,14.148102,4,29.475,50.816,224852.824650,1,222809.707880,257.335226,621.953388,166.289095,997.539062,0.248688,0.114702,0.085546,57.357,0
588,1413393271.105761,228,203,336,253,13.701493,6,39.171,60.594,225528.837499,1,223351.892304,236.427676,728.415050,163.420641,1048.681828,0.204704,0.114914,0.085539,67.440,0
589,1413393271.205760,226,195,342,249,9.241543,5,32.980,37.625,226297.960233,1,223886.019323,250.018256,924.008919,170.455043,1067.458692,0.209307,0.115223,0.085536,43.577,0
590,1413393271.305760,219,196,343,256,15.860317,4,24.558,45.715,225839.662203,1,223887.500663,268.093746,633.706293,155.997761,894.363741,0.222670,0.115396,0.085532,50.852,0
591,1413393271.405761,236,190,351,249,8.402110,4,25.911,31.841,226549.037156,1,224422.181026,314.580800,690.714151,151.926802,969.634377,0.239834,0.115584,0.085534,36.521,0
592,1413393271.505760,214,192,348,255,16.924221,3,20.693,40.505,226433.616314,1,224419.472611,335.171938,631.629129,144.893365,902.449271,0.248491,0.115634,0.085535,45.501,0
593,1413393271.605761,229,195,341,253,10.335189,8,40.294,64.168,227166.816729,0,224953.900893,382.780591,657.545612,177.582272,995.007361,0.278560,0.115711,0.085538,69.453,0
594,1413393271.705760,210,196,338,250,10.109152,6,36.003,61.377,227806.381225,1,225589.756146,327.250213,743.703701,182.611952,963.059213,0.281302,0.115760,0.085539,67.143,0
595,1413393271.805760,201,188,348,255,8.864082,5,28.942,35.181,228249.167189,1,226133.283640,261.478686,734.278513,174.101561,946.024790,0.295275,0.115831,0.085538,40.022,0
596,1413393271.905761,195,187,364,262,20.938363,3,20.016,41.581,228024.037531,1,226137.306927,266.405006,633.858315,144.418470,842.048813,0.311489,0.115841,0.085534,46.365,0
597,1413393272.005760,219,185,380,270,10.379389,8,37.653,59.679,228350.459649,1,226449.979768,261.842457,562.088024,148.960317,927.589083,0.335674,0.115836,0.085528,64.639,0
598,1413393272.105761,230,183,382,262,7.132720,6,33.438,38.148,229109.714350,1,226888.863525,283.551236,723.522414,188.207563,1025.569612,0.360313,0.115770,0.085522,44.310,0
599,1413393272.205760,212,191,390,269,10.774443,4,24.870,44.191,228686.403535,1,226894.510466,287.862696,447.871990,157.140674,899.017709,0.366376,0.115731,0.085523,48.971,0
600,1413393272.305760,220,190,393,265,8.281893,10,47.637,53.671,229553.059662,0,227402.444432,249.135818,583.611276,211.221288,1106.646848,0.366006,0.115681,0.085520,58.797,0
601,1413393272.405761,202,193,402,278,17.655820,3,21.432,40.967,229074.078364,1,227404.587727,252.202182,444.438184,172.446230,800.404041,0.349647,0.115623,0.085521,45.864,0
602,1413393272.505760,191,190,407,279,7.945062,5,27.244,32.838,229669.176783,1,227896.300378,205.899270,462.544408,180.830828,923.601899,0.334624,0.115534,0.085520,37.718,0
603,1413393272.605761,183,191,431,301,20.652771,5,27.840,47.446,229577.292661,1,227896.893057,208.322895,458.234815,162.648471,851.193422,0.331021,0.115444,0.085519,52.041,0
604,1413393272.705760,198,178,427,300,16.439491,4,23.905,45.981,230384.927756,1,228405.757069,170.958430,510.968014,197.426326,1099.817917,0.348243,0.115302,0.085518,50.884,0
605,1413393272.805760,194,176,440,307,16.635958,9,39.120,60.366,230884.661994,0,228923.783333,146.482469,650.197275,196.687567,967.511349,0.363139,0.115204,0.085520,65.155,0
606,1413393272.905761,188,182,439,309,16.045229,9,36.862,56.592,231150.195000,0,229396.034278,137.270246,560.502541,183.851962,872.535974,0.391240,0.115128,0.085519,61.379,0
607,1413393273.005760,189,180,446,329,16.859363,4,21.258,40.613,231425.509005,1,229858.164233,127.846007,480.214214,177.329810,781.954742,0.404397,0.115066,0.085517,45.440,0
608,1413393273.105761,184,176,446,330,14.931590,6,27.435,46.153,232028.325639,1,230333.147469,93.507756,479.695725,205.021228,916.953461,0.417520,0.115018,0.085513,52.888,0
609,1413393273.205760,185,180,456,343,13.782472,3,18.280,36.422,232289.681223,1,230816.733060,76.094079,419.411342,180.626064,796.816678,0.413306,0.114901,0.085508,41.486,0
610,1413393273.305760,196,182,448,347,15.996287,9,38.732,56.957,232937.364450,0,231271.536973,51.431148,455.938874,206.476583,951.980873,0.403374,0.114782,0.085501,63.871,0
611,1413393273.405761,190,184,443,355,19.725719,9,39.435,57.822,233491.119738,0,231729.040445,44.326763,478.699006,201.415458,1037.638065,0.395920,0.114614,0.085489,63.072,0
612,1413393273.505760,183,190,440,357,22.907164,7,31.211,49.707,233937.005230,1,232183.792189,44.890507,425.103420,197.821601,1085.397513,0.384987,0.114419,0.085477,54.049,0
613,1413393273.605761,187,183,443,351,24.505839,5,26.391,46.047,234457.865305,1,232662.065883,51.311598,450.185335,187.387131,1106.915358,0.397700,0.114232,0.085470,50.785,0
614,1413393273.705760,187,178,427,335,24.787363,10,39.920,58.837,235376.791529,0,233130.347408,50.720582,544.223936,306.905419,1344.594184,0.408491,0.114045,0.085464,63.426,0
615,1413393273.805760,160,177,436,353,0.000000,9,35.945,53.406,235642.180439,0,233556.327236,48.805811,472.223090,242.052486,1322.771815,0.402093,0.113942,0.085460,58.118,0
616,1413393273.905761,172,177,440,356,20.862854,7,28.403,46.116,235727.165874,1,233936.385151,48.726454,460.271337,217.311508,1064.471426,0.401884,0.113812,0.085454,50.346,0
617,1413393274.005760,184,173,437,364,17.343299,9,35.854,52.139,236255.577398,1,234269.061521,50.272240,497.998384,245.138876,1193.106377,0.401576,0.113769,0.085445,56.838,0
618,1413393274.105761,192,169,448,371,19.658790,10,37.392,52.160,236816.370576,1,234577.595149,59.303354,460.645616,367.842284,1350.984173,0.383027,0.113791,0.085434,56.717,0
619,1413393274.205760,203,175,442,369,19.302630,3,16.359,31.022,236649.359000,1,234889.980392,64.050982,400.742554,260.974509,1033.610564,0.366791,0.113717,0.085426,35.149,0
620,1413393274.305760,212,175,433,366,20.297110,3,16.944,30.717,237108.917851,1,235198.408143,67.157419,431.989255,287.592764,1123.770269,0.349816,0.113679,0.085417,34.873,0
621,1413393274.405761,195,179,439,375,21.284299,4,21.278,36.000,237180.541951,1,235492.876306,65.949801,488.741056,241.072648,891.902141,0.313112,0.113517,0.085408,40.504,0
622,1413393274.505760,205,180,438,378,22.040645,4,20.351,34.505,237554.212485,1,235791.636246,63.026402,614.910984,245.880542,838.758312,0.258343,0.113544,0.085404,38.710,0
623,1413393274.605761,207,186,426,372,24.011279,6,29.243,45.391,237763.505166,1,236098.517122,63.437671,541.283693,193.650661,866.616018,0.216530,0.113567,0.085401,49.879,0
624,1413393274.705760,217,200,433,381,25.169093,6,29.020,45.350,238062.375539,1,236426.442045,68.513735,533.162191,196.917619,837.339949,0.200100,0.113714,0.085396,50.120,0
625,1413393274.805760,223,211,426,377,25.439761,5,30.237,47.765,238392.754395,1,236772.144122,71.961259,523.915631,165.661329,859.072054,0.191510,0.113924,0.085396,52.807,0
626,1413393274.905761,228,223,415,365,26.986261,6,31.777,50.207,239652.029257,1,237151.073344,80.774074,1044.164996,181.219722,1194.797120,0.183552,0.114312,0.085398,55.893,0
627,1413393275.005760,225,225,407,361,28.098496,4,26.526,48.193,239385.015628,1,237548.386791,74.408148,594.174459,199.495396,968.550834,0.185431,0.113727,0.085396,53.675,0
628,1413393275.105761,238,232,396,352,26.208457,3,22.176,43.513,239904.425718,1,237967.004100,77.650106,657.346662,184.355961,1018.068889,0.212575,0.113728,0.085399,49.118,0
629,1413393275.205760,227,240,378,345,24.668240,6,38.914,60.322,240285.757957,1,238434.057688,77.363446,643.663731,185.365447,945.307645,0.230068,0.113453,0.085399,66.720,0
630,1413393275.305760,240,246,368,337,24.250413,4,28.476,51.703,240843.868859,1,238941.215411,77.482727,672.811714,201.745774,950.613232,0.249491,0.113531,0.085398,57.976,0
631,1413393275.405761,241,251,364,333,26.484453,4,29.846,54.796,241176.906592,1,239457.967862,73.517938,557.581540,194.618687,893.220565,0.266202,0.113315,0.085393,60.858,0
632,1413393275.505760,236,257,360,334,26.875850,3,25.752,51.681,241799.443377,1,240032.749937,62.702607,589.810062,191.586765,922.594005,0.283208,0.113207,0.085390,59.290,0
633,1413393275.605761,233,252,365,337,27.311549,3,28.160,58.064,242419.367318,1,240633.593868,54.672208,606.730900,191.041264,933.329078,0.303446,0.113160,0.085386,67.308,0
634,1413393275.705760,230,257,371,347,28.099904,3,25.734,54.876,243046.516728,1,241262.975283,49.013464,573.294785,191.802232,969.430964,0.332811,0.113103,0.085379,62.534,0
635,1413393275.805760,227,260,379,364,28.224844,3,25.968,57.765,243733.663361,1,241956.360803,45.364543,570.514040,196.602418,964.821557,0.341603,0.113052,0.085372,66.451,0
636,1413393275.905761,229,267,394,380,28.016902,3,25.619,58.269,244491.286826,1,242660.698935,47.966003,556.026253,201.116916,1025.478719,0.331957,0.112977,0.085368,66.349,0
637,1413393276.005760,246,281,386,375,24.685226,3,28.473,63.693,245101.606390,1,243378.765380,42.520589,504.089220,207.684018,968.547183,0.318778,0.113014,0.085362,73.078,0
638,1413393276.105761,245,288,389,376,17.999474,3,27.245,65.197,245864.801075,1,244093.609615,37.836756,504.559592,217.806249,1010.988863,0.340241,0.113164,0.085354,73.749,0
639,1413393276.205760,244,295,386,374,16.656291,3,30.155,69.503,246609.039320,1,244789.903647,38.047378,516.933902,223.680034,1040.474359,0.323868,0.113331,0.085346,79.353,0
640,1413393276.305760,248,278,374,360,22.919906,3,27.411,61.854,247280.937743,1,245478.106415,43.086197,473.874563,217.192821,1068.677747,0.279953,0.113354,0.085339,70.028,0
641,1413393276.405761,249,264,361,348,15.262433,3,29.536,61.245,247848.123541,1,246190.532527,52.349493,415.285014,198.867593,991.088914,0.211176,0.113273,0.085332,70.936,0
642,1413393276.505760,255,264,364,349,4.375139,3,28.982,37.718,248457.196327,1,246849.627094,58.335034,395.858366,191.942309,961.433524,0.171780,0.113167,0.085329,47.951,0
643,1413393276.605761,254,264,365,351,1.485760,3,29.163,29.165,248472.593928,1,246851.664881,68.629543,402.208284,191.821275,958.269945,0.191906,0.113198,0.085329,37.201,0
644,1413393276.705760,254,265,342,331,10.224990,2,23.175,48.739,248490.210849,1,246856.598246,78.438967,404.788668,191.003131,959.381838,0.185423,0.113182,0.085330,58.515,0
645,1413393276.805760,254,265,344,333,7.944399,3,25.230,31.380,249159.033749,1,247493.768822,87.873094,404.634469,186.337468,986.419897,0.182950,0.113185,0.085331,38.560,0
646,1413393276.905761,254,265,321,313,11.713028,2,22.708,50.533,249159.649883,1,247492.567793,89.103115,420.037056,186.429133,971.512785,0.190928,0.113291,0.085334,58.170,0
647,1413393277.005760,254,264,317,309,1.951273,3,28.069,34.673,249941.354907,1,248162.413126,101.936510,428.655973,204.894177,1043.455121,0.206601,0.113372,0.085340,41.187,0
648,1413393277.105761,249,264,324,315,4.497895,2,24.892,24.893,249851.332508,1,248159.856937,99.212147,409.425002,186.481961,996.356462,0.220479,0.113405,0.085340,33.951,0
649,1413393277.205760,254,264,326,319,7.664674,2,24.160,24.161,249858.364223,1,248159.837233,98.457011,413.252561,186.307259,1000.510159,0.232321,0.113421,0.085341,32.168,0
650,1413393277.305760,254,262,311,305,12.295233,2,25.000,55.700,249869.263311,1,248159.700508,98.157684,416.539998,186.109990,1008.755132,0.247432,0.113402,0.085341,64.147,0
651,1413393277.405761,253,261,312,306,7.130107,3,27.718,34.334,250618.393727,1,248889.784228,100.511299,432.502088,176.644062,1018.952051,0.247595,0.113402,0.085342,45.888,0
652,1413393277.505760,250,254,304,298,13.233146,2,23.226,57.953,250571.734224,1,248887.638050,99.239912,424.772427,175.198731,984.885104,0.247897,0.113469,0.085340,66.122,0
653,1413393277.605761,253,254,306,300,4.709988,3,27.486,34.160,251286.631902,1,249671.768822,89.150599,399.240500,182.011849,944.460132,0.253913,0.113486,0.085342,40.036,0
654,1413393277.705760,254,256,298,292,10.186512,2,23.481,60.394,251277.220360,1,249671.229601,88.865148,409.997991,174.338000,932.789619,0.248480,0.113490,0.085341,68.884,0
655,1413393277.805760,256,256,298,292,7.684327,3,27.957,40.090,252258.780827,1,250581.736902,83.375705,432.065989,175.087121,986.515112,0.253947,0.113460,0.085341,45.637,0
656,1413393277.905761,250,258,291,287,18.983245,3,31.257,69.016,252275.960765,1,250577.142152,86.100470,448.699935,175.166318,988.851889,0.281876,0.113356,0.085341,78.208,0
657,1413393278.005760,256,262,287,284,17.093591,3,28.617,79.577,253189.639650,1,251474.964200,88.867937,467.577321,174.537330,983.692862,0.281264,0.113263,0.085342,85.588,0
658,1413393278.105761,250,259,290,287,22.292629,3,34.358,82.141,254272.641531,1,252459.699755,88.573067,470.802619,190.830802,1062.735288,0.278420,0.113270,0.085345,91.210,0
659,1413393278.205760,238,260,296,294,27.654050,3,30.655,82.668,255499.903245,1,253525.441176,70.324111,549.100635,199.569486,1155.467838,0.284157,0.113312,0.085347,89.557,0
660,1413393278.305760,240,259,304,301,30.671970,3,32.546,81.439,256637.863124,1,254522.978408,61.605146,627.528934,188.600318,1237.150319,0.294985,0.113366,0.085346,90.969,0
661,1413393278.405761,251,263,305,302,30.607499,3,29.955,82.104,257743.727691,1,255531.045944,54.720947,721.535649,192.566658,1243.858494,0.337375,0.113420,0.085343,88.970,0
662,1413393278.505760,249,269,304,301,23.659111,3,32.886,83.614,259045.861707,1,256527.554718,60.471164,872.139303,205.379989,1380.316533,0.398923,0.113448,0.085340,92.713,0
663,1413393278.605761,248,281,307,304,19.598536,5,43.306,96.230,260077.364174,1,257483.339363,52.877922,903.607696,216.446989,1421.092204,0.483361,0.113522,0.085338,103.313,0
664,1413393278.705760,244,276,310,307,16.551613,3,32.658,83.660,261063.680026,1,258412.493392,53.822749,890.520503,215.578399,1491.264983,0.590506,0.113590,0.085335,93.086,0
665,1413393278.805760,193,260,365,362,18.403302,3,28.332,80.667,261918.287686,1,259352.567066,65.165904,826.131816,221.292742,1453.130158,0.646216,0.113666,0.085331,88.549,0
666,1413393278.905761,240,256,376,370,27.369387,3,30.853,74.831,262640.367236,1,260298.061090,60.520346,786.304309,204.905675,1290.575816,0.644416,0.113780,0.085322,83.622,0
667,1413393279.005760,249,258,366,358,23.185494,3,28.207,71.897,263423.498702,1,261185.137951,62.314301,712.060781,204.134138,1259.851531,0.622319,0.113811,0.085314,78.896,0
668,1413393279.105761,243,302,366,359,16.499650,3,29.840,71.049,264480.595875,1,262053.490575,64.197272,819.233957,236.701468,1306.972604,0.596329,0.113735,0.085302,80.321,0
669,1413393279.205760,250,305,366,357,11.204938,3,28.884,70.576,265176.472343,1,262886.714949,65.437278,716.627844,241.332548,1266.359724,0.549619,0.113677,0.085297,77.763,0
670,1413393279.305760,250,305,371,362,8.797726,3,31.694,38.937,265807.860705,1,263764.804385,58.018326,571.527030,238.843094,1174.667870,0.531094,0.113644,0.085296,47.841,0
671,1413393279.405761,251,302,371,363,17.286535,3,32.482,71.602,265823.806355,1,263762.871049,57.224719,592.979403,239.205666,1171.525518,0.505568,0.113618,0.085296,80.057,0
672,1413393279.505760,248,259,370,362,12.192087,3,29.119,68.080,266673.518372,1,264664.961215,45.754735,533.427450,239.035032,1190.339939,0.491119,0.113609,0.085298,74.638,0
673,1413393279.605761,254,258,371,362,6.775863,3,29.997,33.787,267505.897213,1,265549.578815,44.635223,528.746879,208.024991,1174.911305,0.479661,0.113600,0.085304,42.303,0
674,1413393279.705760,242,254,374,366,13.830017,3,30.693,58.071,267501.824467,1,265549.056227,48.732104,537.236346,198.506864,1168.292926,0.462054,0.113642,0.085309,67.196,0
675,1413393279.805760,250,251,327,320,11.281350,3,25.455,54.769,268390.714598,1,266354.214845,48.006986,586.139076,193.118511,1209.235179,0.437738,0.113718,0.085314,61.533,0
676,1413393279.905761,252,255,318,312,10.527016,3,29.264,59.692,269237.532251,1,267128.051949,42.645675,621.648482,193.520822,1251.665323,0.418696,0.113774,0.085319,67.678,0
677,1413393280.005760,254,252,317,311,9.243999,3,27.954,34.611,270170.392181,1,267895.216963,41.965248,655.040571,209.950287,1368.219112,0.373539,0.113838,0.085326,43.338,0
678,1413393280.105761,250,262,310,303,16.370346,2,24.102,62.305,270106.741102,1,267893.616814,44.270827,650.732599,205.448645,1312.672217,0.331018,0.113930,0.085330,70.824,0
679,1413393280.205760,253,260,309,302,4.992416,3,27.256,39.840,271143.667803,1,268821.307551,44.627616,665.535520,214.482726,1397.714390,0.298421,0.113986,0.085332,46.990,0
680,1413393280.305760,247,261,307,305,12.960955,2,24.406,64.044,271067.656939,1,268820.912552,44.648438,637.682935,210.909276,1353.503739,0.285261,0.114014,0.085336,72.034,0
681,1413393280.405761,251,260,309,306,5.605313,3,26.791,39.825,272138.165948,1,269792.009812,43.849259,650.363837,218.991381,1432.951659,0.290464,0.114010,0.085340,46.573,0
682,1413393280.505760,254,259,307,303,15.185895,2,25.395,65.475,272115.798688,1,269789.777832,43.572362,662.064875,217.991533,1402.392086,0.299187,0.114011,0.085340,73.950,0
683,1413393280.605761,252,259,311,308,8.834710,3,26.788,38.008,272935.129163,1,270767.756544,40.006657,581.324240,219.928177,1326.113546,0.316247,0.113994,0.085341,44.400,0
684,1413393280.705760,251,257,314,311,6.904844,2,23.536,23.537,272935.388601,1,270767.020349,39.575012,600.674700,218.556251,1309.562289,0.387044,0.114020,0.085340,32.209,0
685,1413393280.805760,253,257,317,314,9.870213,3,30.146,30.147,272899.531398,1,270766.764255,39.019799,589.549675,216.709838,1287.487832,0.480850,0.113980,0.085341,39.507,0
686,1413393280.905761,250,259,315,313,16.561508,3,29.174,70.597,272915.931043,1,270767.368837,39.233491,596.817787,216.546629,1295.964299,0.547046,0.113977,0.085343,78.856,0
687,1413393281.005760,250,265,312,309,11.992632,4,31.568,78.287,274043.981049,1,271811.459350,42.511166,580.234997,221.637211,1388.138325,0.640450,0.113825,0.085346,85.080,0
688,1413393281.105761,248,275,308,306,18.020366,4,35.169,78.172,275231.881091,1,272842.645587,83.738557,630.021068,227.381373,1448.094505,0.703048,0.113522,0.085348,88.086,0
689,1413393281.205760,246,273,308,307,25.153704,4,34.461,81.602,276461.832027,1,273842.391236,192.476348,650.498115,231.580210,1544.886118,0.695413,0.113230,0.085347,90.105,0
690,1413393281.305760,232,265,319,318,24.152624,4,41.493,86.588,277453.401081,1,274850.453250,294.384197,629.466180,235.150413,1443.947040,0.691222,0.113041,0.085344,96.165,0
691,1413393281.405761,239,261,328,323,21.892346,4,36.317,82.504,278448.889687,1,275890.531443,336.942905,628.200750,219.134549,1374.080040,0.653061,0.112932,0.085342,89.721,0
692,1413393281.505760,232,261,332,328,20.074166,4,36.788,78.867,279442.783765,1,276885.690949,366.547993,585.515756,229.469434,1375.559633,0.616776,0.112836,0.085338,87.154,0
693,1413393281.605761,235,268,331,325,18.674404,4,33.033,78.449,280451.181286,1,277875.333474,393.853517,578.588575,227.678276,1375.727444,0.591327,0.112716,0.085334,88.272,0
694,1413393281.705760,234,271,346,337,17.757748,4,39.317,82.221,281366.276909,1,278866.844380,402.423990,536.839620,230.409035,1329.759883,0.563863,0.112607,0.085332,91.137,0
695,1413393281.805760,225,274,358,349,19.712574,4,36.121,84.127,282395.898630,1,279884.844396,346.733690,597.057440,231.438996,1335.824108,0.527320,0.112570,0.085333,91.751,0
696,1413393281.905761,235,259,372,355,23.350097,3,31.473,74.925,283474.211651,1,280897.028877,284.546740,598.689908,229.235622,1464.710504,0.477664,0.112542,0.085334,83.379,0
697,1413393282.005760,239,256,374,351,19.436213,3,26.811,67.418,284383.504172,1,281855.485445,241.375799,622.562112,213.842348,1450.238468,0.449546,0.112534,0.085332,74.867,0
698,1413393282.105761,243,257,365,339,11.178684,3,29.145,68.355,285057.221210,1,282680.253575,174.160327,631.778317,212.278215,1358.750776,0.431193,0.112552,0.085330,78.309,0
699,1413393282.205760,223,248,375,349,9.417203,3,25.999,37.508,285526.411758,1,283469.230112,100.528516,558.778609,207.601605,1190.272916,0.442398,0.112552,0.085331,44.813,0
700,1413393282.305760,242,249,387,348,16.298440,3,28.631,59.222,285491.958396,1,283471.850232,98.360061,536.052839,205.601072,1180.094192,0.487715,0.112567,0.085328,67.960,0
701,1413393282.405761,237,249,393,359,8.793676,3,25.352,31.783,286389.025152,1,284373.023697,75.848315,526.975732,209.835814,1203.341594,0.518495,0.112535,0.085330,38.698,0
702,1413393282.505760,235,245,386,351,26.134188,3,26.742,60.656,286393.302317,1,284375.816512,79.127999,527.226007,209.221462,1201.910337,0.486356,0.112509,0.085330,67.946,0
703,1413393282.605761,240,253,388,345,19.283031,3,26.283,62.313,287479.048551,1,285355.826395,65.448271,583.591031,218.036677,1256.146178,0.430789,0.112456,0.085334,69.104,0
704,1413393282.705760,209,252,395,351,16.048121,3,28.624,63.844,288467.562127,1,286340.661973,68.983055,554.312769,219.430714,1284.173615,0.377326,0.112379,0.085337,73.119,0
705,1413393282.805760,239,246,395,342,12.688566,4,31.474,70.672,289465.869194,1,287347.004432,62.904445,593.987883,213.700232,1248.272201,0.309168,0.112295,0.085340,78.144,0
706,1413393282.905761,233,246,401,342,8.145168,3,26.468,32.616,290415.643249,1,288351.417277,62.243662,550.316901,210.939293,1240.726116,0.265103,0.112229,0.085339,40.047,0
707,1413393283.005760,239,243,395,335,15.215469,2,24.241,58.261,290403.729259,1,288352.365635,62.013808,560.401253,210.375038,1218.573526,0.239776,0.112200,0.085337,66.213,0
708,1413393283.105761,241,251,392,333,19.059223,3,26.006,60.570,291417.214804,1,289355.423061,55.685713,577.874790,222.293067,1205.938172,0.206601,0.112179,0.085331,67.092,0
709,1413393283.205760,232,252,372,322,21.155555,3,27.454,63.028,292437.393438,1,290372.891181,56.566373,548.662945,216.206619,1243.066320,0.189703,0.112130,0.085328,71.559,0
710,1413393283.305760,216,242,366,323,19.882496,4,31.961,69.420,293490.107387,1,291387.801475,53.295520,597.038304,209.917535,1242.054552,0.176218,0.112085,0.085327,76.525,0
711,1413393283.405761,226,233,369,318,21.889543,3,27.000,64.132,294357.537077,1,292407.084500,49.722019,523.064052,204.965256,1172.701250,0.151201,0.112037,0.085328,71.743,0
712,1413393283.505760,220,233,383,330,24.527477,3,26.136,60.484,295318.987862,1,293451.262340,48.785047,468.574517,200.512796,1149.853162,0.153470,0.112029,0.085326,67.463,0
713,1413393283.605761,230,237,372,331,26.326979,3,28.497,64.945,296352.576541,1,294500.790592,39.754685,499.852228,207.696606,1104.482429,0.220588,0.112044,0.085326,73.420,0
714,1413393283.705760,224,237,386,347,27.854430,3,26.602,63.223,297406.785774,1,295536.637512,35.974100,520.023726,210.751355,1103.399080,0.281395,0.112120,0.085327,70.974,0
715,1413393283.805760,233,236,385,351,27.393539,3,27.638,67.408,298354.811187,1,296545.520461,37.788479,527.435454,223.430047,1020.636745,0.320517,0.112168,0.085328,75.873,0
716,1413393283.905761,235,235,392,361,26.092659,3,25.817,66.709,299318.992717,1,297532.229184,30.647432,551.392735,215.571298,989.152068,0.312112,0.112245,0.085327,73.905,0
717,1413393284.005760,242,243,386,355,25.782130,3,26.345,65.887,300333.392982,1,298485.264153,38.372206,597.360671,212.378829,1000.017124,0.288677,0.112328,0.085325,73.585,0
718,1413393284.105761,246,245,371,345,28.996736,3,25.745,65.541,301278.632601,1,299407.358414,39.802586,599.515264,214.036312,1017.920026,0.285992,0.112483,0.085322,72.924,0
719,1413393284.205760,249,254,369,345,30.284201,3,28.690,63.495,302216.484854,1,300301.723805,44.902967,616.606606,212.567410,1040.684066,0.278018,0.112755,0.085315,72.229,0
720,1413393284.305760,252,254,349,330,31.801838,3,28.027,62.540,303173.311833,1,301192.642886,50.740402,657.926969,216.109444,1055.892132,0.279067,0.113064,0.085308,70.028,0
721,1413393284.405761,253,255,333,321,34.799289,3,28.764,62.650,304170.393985,1,302088.374963,66.037358,687.266043,216.770453,1111.945168,0.299840,0.113366,0.085301,72.366,0
722,1413393284.505760,251,254,313,308,38.693302,3,28.125,63.600,305199.591891,1,302951.532379,70.963729,746.790384,219.348443,1210.956956,0.311683,0.113478,0.085298,71.157,0
723,1413393284.605761,233,253,321,317,42.756494,3,31.104,66.446,306163.422444,1,303800.554552,56.681264,817.003762,216.637542,1272.545324,0.315355,0.113496,0.085294,78.019,0
724,1413393284.705760,227,252,329,324,44.289045,3,31.272,73.316,307075.087463,1,304632.119706,40.248386,761.839977,218.424158,1422.455235,0.324387,0.113434,0.085294,82.125,0
725,1413393284.805760,221,254,347,339,49.025517,3,30.868,74.694,307991.022871,1,305479.829391,36.069796,836.053355,216.086352,1422.983977,0.334719,0.113320,0.085297,84.748,0
726,1413393284.905761,227,269,363,353,50.916377,4,35.570,84.078,308796.812698,1,306332.132906,34.064279,795.629358,223.614689,1411.371467,0.332187,0.113316,0.085301,92.327,0
727,1413393285.005760,212,285,396,387,50.834050,4,36.291,82.838,309422.028765,1,307198.337370,21.623284,698.000105,213.422522,1290.645485,0.338083,0.113615,0.085303,91.983,0
728,1413393285.105761,224,304,419,408,48.684665,4,35.518,85.951,310294.412238,1,308040.227065,20.675337,717.234918,226.874275,1289.400643,0.354929,0.113950,0.085303,94.611,0
729,1413393285.205760,32,287,430,418,0.000000,3,28.863,74.356,310925.636820,1,308891.935002,28.816024,621.415197,230.712224,1152.758373,0.363452,0.114138,0.085303,82.150,0
730,1413393285.305760,131,269,605,578,0.000000,4,28.038,66.837,311444.848110,1,309710.517896,36.361862,491.735026,228.546069,977.687258,0.382546,0.114347,0.085304,74.941,0
731,1413393285.405761,134,244,672,645,0.000000,3,21.854,57.340,311969.795018,1,310415.466304,39.557239,446.960197,221.767467,846.043811,0.399346,0.114591,0.085305,63.471,0
732,1413393285.505760,200,275,694,657,34.265805,4,25.006,54.129,312492.458232,1,310977.024216,49.713011,449.137013,209.695588,806.888404,0.418812,0.114829,0.085312,59.408,0
733,1413393285.605761,210,282,699,658,33.637304,3,20.562,45.861,312916.983246,1,311432.722007,54.906025,420.269830,225.024665,784.060720,0.434507,0.115424,0.085311,53.368,0
734,1413393285.705760,206,316,711,671,31.912008,4,22.425,43.639,313391.971352,1,311831.763366,60.689163,464.581395,237.483961,797.453466,0.444257,0.116059,0.085311,48.801,0
735,1413393285.805760,201,189,707,668,30.579760,3,19.946,39.228,313786.616608,1,312187.682108,59.477712,515.681494,233.650808,790.124486,0.419147,0.116726,0.085302,44.498,0
736,1413393285.905761,223,201,712,673,26.654118,4,18.100,24.369,313879.378119,1,312492.497236,59.617746,517.056601,143.720162,666.486374,0.390383,0.117418,0.085291,28.213,0
737,1413393286.005760,217,216,531,502,24.092983,6,25.878,30.749,314236.964596,1,312587.658136,59.547853,646.248177,150.545714,792.964716,0.379597,0.118070,0.085277,35.194,0
738,1413393286.105761,225,227,527,493,17.542973,3,18.866,23.928,314414.729714,1,312667.661283,56.565724,704.534753,155.367050,830.600905,0.378175,0.118471,0.085269,28.493,0
739,1413393286.205760,231,224,539,503,9.653681,3,20.650,23.480,314620.461145,1,312771.036176,57.209356,751.145462,159.965958,881.104193,0.384559,0.119308,0.085262,28.584,0
740,1413393286.305760,233,233,504,476,12.353038,3,20.293,28.643,314602.635534,1,312777.050566,63.804476,727.577219,158.464432,875.738841,0.382490,0.119903,0.085260,33.618,0
741,1413393286.405761,234,229,515,482,5.564977,3,21.320,25.665,314991.219613,1,312988.583714,61.702509,753.047271,195.676729,992.209390,0.384718,0.120511,0.085256,30.824,0
742,1413393286.505760,230,233,477,441,15.675013,3,21.123,33.187,314829.959461,1,312986.148249,61.890156,700.509560,185.573873,895.837623,0.414851,0.120547,0.085258,38.480,0
743,1413393286.605761,235,232,439,406,11.752981,4,27.041,47.321,315239.801220,1,313288.206640,67.106067,730.611438,192.793281,961.083794,0.394427,0.120525,0.085261,54.196,0
744,1413393286.705760,228,241,419,382,11.149238,4,29.508,52.708,315680.629841,1,313704.926338,72.303564,714.195475,201.927677,987.276787,0.358287,0.120530,0.085266,61.529,0
745,1413393286.805760,238,243,394,356,12.128597,3,23.956,47.862,316169.189027,1,314175.631086,81.498523,678.337417,196.685748,1037.036252,0.332098,0.120648,0.085267,53.614,0
746,1413393286.905761,245,238,381,340,14.881897,4,31.119,58.148,316744.347209,1,314704.030642,87.480589,656.346374,199.732941,1096.756663,0.280866,0.120832,0.085267,65.529,0
747,1413393287.005760,243,242,358,321,12.737811,6,39.423,65.050,317289.230387,0,315310.511037,81.178653,621.514612,218.212202,1057.813883,0.252170,0.121138,0.085266,73.714,0
748,1413393287.105761,247,238,355,319,6.463880,4,34.595,40.071,318095.363387,1,315984.376371,82.436619,668.515191,212.442306,1147.592900,0.206351,0.121713,0.085262,50.166,0
749,1413393287.205760,237,242,346,308,15.568025,4,33.336,57.932,318106.905891,1,315984.881259,96.049431,664.398601,204.237886,1157.338714,0.192699,0.122221,0.085256,66.183,0
750,1413393287.305760,228,240,344,310,22.671759,4,33.652,64.448,318970.764283,1,316685.966114,113.528498,710.785310,205.379172,1255.105189,0.220461,0.122696,0.085249,71.954,0
751,1413393287.405761,214,233,358,331,33.301027,4,31.852,66.851,319752.320846,1,317392.154599,126.956818,783.586101,204.635509,1244.987819,0.241595,0.122962,0.085248,76.099,0
752,1413393287.505760,206,237,374,348,37.416961,4,31.887,67.610,320352.741063,1,318134.321988,124.187842,763.804280,198.899260,1131.527693,0.266803,0.123188,0.085246,74.162,0
753,1413393287.605761,205,239,395,367,37.172709,3,28.866,67.797,321200.658669,1,318878.149828,126.394746,809.841192,189.906829,1196.366073,0.257647,0.123509,0.085245,77.449,0
754,1413393287.705760,218,245,420,390,34.597956,3,24.513,64.095,321903.209364,1,319630.943531,123.948072,790.219821,204.721951,1153.375989,0.263358,0.123916,0.085245,70.814,0
755,1413393287.805760,219,254,430,401,35.198165,3,26.328,64.468,322673.798063,1,320353.076687,128.076609,834.370763,214.582984,1143.691020,0.253996,0.124317,0.085244,71.075,0
756,1413393287.905761,224,265,450,422,33.919735,5,35.978,70.996,323338.742909,1,321064.333305,133.194723,791.563775,220.006082,1129.645024,0.244129,0.124701,0.085242,78.213,0
757,1413393288.005760,243,252,446,415,32.763795,3,24.763,61.144,324021.208796,1,321749.083340,133.705869,782.439911,227.468572,1128.511103,0.260950,0.124922,0.085243,67.361,0
758,1413393288.105761,235,254,432,405,30.628238,4,29.372,60.649,324568.264289,1,322443.799666,122.311708,641.368845,220.104040,1140.680031,0.260754,0.125177,0.085242,66.051,0
759,1413393288.205760,221,248,429,408,22.796266,3,25.728,53.681,325240.221470,1,323099.949956,113.497373,677.092684,221.160873,1128.520584,0.280485,0.125595,0.085237,59.900,0
760,1413393288.305760,240,242,417,390,13.083812,3,23.231,47.751,325747.516452,1,323724.711761,115.228494,627.077060,194.716802,1085.782335,0.305674,0.126103,0.085232,53.390,0
761,1413393288.405761,243,238,386,355,10.228982,3,26.218,52.566,326428.004223,1,324313.597624,114.159134,699.632283,191.465643,1109.149539,0.348204,0.126766,0.085227,58.443,0
762,1413393288.505760,238,236,396,362,5.396445,4,30.341,37.690,326946.105914,1,324922.040881,112.762397,661.879398,192.586897,1056.836340,0.387502,0.127656,0.085222,43.787,0
763,1413393288.605761,241,233,408,370,6.505323,3,26.208,26.209,326868.751927,1,324925.213716,118.716906,622.299835,190.869875,1011.651595,0.387198,0.128159,0.085221,32.422,0
764,1413393288.705760,235,240,399,363,20.058866,3,24.077,46.077,326896.759738,1,324931.598542,127.655320,625.398580,190.259983,1021.847313,0.360872,0.128684,0.085219,51.989,0
765,1413393288.805760,244,240,380,349,12.983387,3,26.646,54.107,327534.134696,1,325539.849180,130.001326,653.617078,176.889816,1033.777296,0.346689,0.129375,0.085214,62.846,0
766,1413393288.905761,245,240,385,354,5.705241,3,27.248,31.646,328230.153995,1,326178.626675,121.216450,691.302043,200.460578,1038.548248,0.343133,0.129821,0.085207,39.048,0
767,1413393289.005760,249,239,392,352,7.515464,4,34.624,34.625,328151.541511,1,326181.669350,126.773925,638.048649,191.291430,1013.758157,0.359116,0.130095,0.085203,43.762,0
768,1413393289.105761,246,235,388,352,9.350078,4,30.560,30.562,328240.174486,1,326187.756948,134.143237,658.338904,187.860430,1072.074968,0.391760,0.130427,0.085201,36.711,0
769,1413393289.205760,247,239,368,331,11.557005,3,25.528,53.325,328163.674941,1,326189.108343,138.722072,635.072981,181.575049,1019.196495,0.371083,0.130694,0.085199,59.534,0
770,1413393289.305760,246,237,371,335,3.522836,6,39.520,46.843,328814.363049,1,326833.241200,133.445257,632.245595,183.537810,1031.893187,0.338931,0.131149,0.085192,53.048,0
771,1413393289.405761,249,236,377,339,5.002991,3,25.752,25.753,328772.170471,1,326836.914474,133.695903,628.328683,179.245742,993.985670,0.311640,0.131442,0.085193,31.777,0
772,1413393289.505760,250,236,380,344,7.133701,3,24.844,24.845,328791.386605,1,326842.718616,137.040032,639.285423,176.815756,995.526779,0.285021,0.131796,0.085192,30.878,0
773,1413393289.605761,249,231,374,342,10.449365,3,24.795,56.797,328816.024354,1,326850.039213,140.654231,653.316503,176.336985,995.677422,0.280458,0.132082,0.085192,62.989,0
774,1413393289.705760,253,227,371,336,4.668022,5,34.089,43.459,329678.311784,1,327507.629608,147.595967,723.167105,190.309821,1109.609283,0.265808,0.132692,0.085191,49.811,0
775,1413393289.805760,243,227,380,342,8.038135,3,26.584,26.586,329539.230131,1,327512.826610,149.548966,644.628360,189.883822,1042.342373,0.256279,0.133007,0.085190,32.827,0
776,1413393289.905761,251,246,368,331,11.997453,3,24.286,53.875,329582.174893,1,327523.007661,154.186046,653.573513,189.765689,1061.641985,0.255850,0.133345,0.085188,60.091,0
777,1413393290.005760,246,242,363,327,7.299872,4,29.720,36.274,330428.345711,1,328185.283248,163.397465,709.448302,202.296873,1167.919824,0.233040,0.134010,0.085184,42.811,0
778,1413393290.105761,241,242,351,314,13.700123,4,32.537,59.960,330264.752267,1,328193.030414,176.787830,626.928080,186.206198,1081.799746,0.204584,0.134320,0.085181,66.489,0
779,1413393290.205760,250,239,350,311,4.623185,4,31.459,38.040,331019.012001,1,328859.807498,188.640496,622.644198,180.242831,1167.676978,0.223598,0.134889,0.085181,45.102,0
780,1413393290.305760,247,237,358,320,8.960008,3,25.759,25.760,330942.089173,1,328858.948502,197.252728,595.455242,177.286274,1113.146426,0.284060,0.135060,0.085184,33.782,0
781,1413393290.405761,250,245,352,314,15.169037,3,25.994,53.108,330952.208235,1,328864.591652,200.025523,608.341223,174.228925,1105.020911,0.290074,0.135230,0.085186,59.314,0
782,1413393290.505760,247,240,357,315,8.999968,3,26.433,32.912,331606.119076,1,329508.199309,199.125255,590.317417,181.579889,1126.897205,0.286166,0.135619,0.085188,39.555,0
783,1413393290.605761,247,238,341,303,16.853955,2,20.710,49.153,331561.825680,1,329511.994881,196.133061,586.516323,179.719698,1087.461718,0.273167,0.135778,0.085190,56.263,0
784,1413393290.705760,244,237,341,298,7.151786,4,31.672,38.255,332502.027159,1,330190.335814,194.735509,710.937090,197.514159,1208.504587,0.290678,0.136065,0.085194,44.701,0
785,1413393290.805760,241,234,344,301,14.200997,3,26.294,52.685,332357.656244,1,330191.937073,195.999744,642.493778,180.653887,1146.571762,0.296436,0.136195,0.085199,61.082,0
786,1413393290.905761,246,232,347,305,3.723783,4,30.272,36.707,333079.904303,1,330837.932410,196.319405,685.245712,183.894800,1176.511976,0.321257,0.136367,0.085200,43.250,0
787,1413393291.005760,241,228,354,303,6.658344,3,25.730,25.732,333003.303945,1,330835.729041,196.310328,645.811357,174.800535,1150.652684,0.347786,0.136386,0.085200,32.879,0
788,1413393291.105761,242,229,336,297,10.777367,2,21.102,47.820,332955.269680,1,330838.715613,194.227354,605.225245,170.950701,1146.150768,0.357016,0.136532,0.085198,53.931,0
789,1413393291.205760,245,225,339,300,5.771978,4,31.406,37.893,333798.509156,1,331503.193354,182.588959,714.579404,180.699233,1217.448206,0.355919,0.136757,0.085197,44.743,0
790,1413393291.305760,236,224,345,307,9.502660,3,26.750,26.751,333706.582853,1,331506.307711,182.040376,677.925774,176.485086,1163.823905,0.372728,0.136907,0.085200,32.850,0
791,1413393291.405761,241,223,342,303,10.522940,2,20.620,47.508,333709.640174,1,331510.085840,180.679129,675.107683,175.862463,1167.905059,0.352294,0.137109,0.085197,53.302,0
792,1413393291.505760,245,229,327,288,10.526545,7,43.211,73.581,334605.671877,0,332163.205063,165.222828,758.397057,194.433119,1324.413810,0.315508,0.137139,0.085194,81.883,0
793,1413393291.605761,232,226,345,296,8.894199,3,26.213,32.985,334985.444883,1,332875.767524,127.045722,597.415504,195.923489,1189.292643,0.295779,0.137164,0.085196,41.090,0
794,1413393291.705760,237,233,340,297,14.337068,3,26.968,57.194,335057.646277,1,332877.897029,131.544727,634.946078,186.121054,1227.137390,0.271756,0.137092,0.085196,63.380,0
795,1413393291.805760,245,231,352,302,4.955836,3,25.259,32.679,335718.248743,1,333615.576550,101.135817,594.482752,189.457948,1217.595676,0.241477,0.137090,0.085194,38.568,0
796,1413393291.905761,248,230,356,308,7.882446,3,25.975,25.975,335685.667127,1,333616.412517,104.487325,598.819570,187.881567,1178.066149,0.261387,0.137147,0.085192,32.055,0
797,1413393292.005760,246,230,360,313,9.091599,3,23.987,23.988,335733.246210,1,333616.793496,109.082053,632.344885,187.854893,1187.170882,0.312176,0.137167,0.085190,29.803,0
798,1413393292.105761,244,233,359,316,11.526474,3,25.215,54.918,335761.371931,1,333617.426357,112.195428,671.605648,187.367409,1172.777089,0.298388,0.137179,0.085189,60.965,0
799,1413393292.205760,249,234,344,305,13.302810,5,36.152,69.224,336889.859519,1,334309.743067,94.109380,951.715131,206.913999,1327.377941,0.245903,0.137301,0.085183,76.347,0
800,1413393292.305760,217,243,355,316,13.533345,3,27.163,59.179,337320.192339,1,334964.683105,75.649283,852.790035,211.004839,1216.065076,0.202490,0.137487,0.085178,67.629,0
801,1413393292.405761,240,240,348,307,12.053024,4,29.904,60.155,338020.949542,1,335607.073104,91.302493,818.805859,238.243437,1265.524650,0.187105,0.137635,0.085176,69.382,0
802,1413393292.505760,246,236,353,308,9.219976,4,32.531,38.503,338464.836580,1,336229.351748,105.849290,745.915657,194.605068,1189.114818,0.159014,0.137877,0.085174,45.683,0
803,1413393292.605761,248,233,345,309,15.354947,3,25.732,50.899,338307.325125,1,336227.327110,112.238944,658.363747,191.359820,1118.035504,0.170982,0.138063,0.085171,56.881,0
804,1413393292.705760,253,230,333,294,4.991940,6,42.736,50.414,339389.879057,1,336816.682893,129.188713,982.523178,223.785658,1237.698613,0.182918,0.138458,0.085168,56.842,0
805,1413393292.805760,238,229,348,303,8.865511,3,25.122,25.124,338850.977786,1,336818.431317,159.838164,614.235592,193.935274,1064.537440,0.224736,0.138635,0.085167,31.278,0
806,1413393292.905761,253,231,340,303,15.316190,3,24.714,50.076,338893.809260,1,336822.079695,191.839184,621.906928,192.462901,1065.520552,0.292085,0.138909,0.085165,56.402,0
807,1413393293.005760,250,233,324,293,10.761479,4,29.685,60.473,339991.918155,1,337438.143712,220.046898,888.077133,217.317076,1228.333336,0.325496,0.139302,0.085164,66.182,0
808,1413393293.105761,242,250,308,280,11.063103,4,32.702,62.028,340495.385118,1,338050.973000,234.574951,828.438496,246.033533,1135.365137,0.364499,0.139596,0.085168,72.184,0
809,1413393293.205760,239,232,307,283,10.408942,3,27.351,57.849,340904.407153,1,338629.947037,239.831974,764.215584,214.617393,1055.795164,0.399246,0.139893,0.085168,64.539,0
810,1413393293.305760,237,233,310,285,10.300241,4,35.000,66.352,341347.436186,1,339259.255211,245.039939,688.398559,191.268881,963.473596,0.388527,0.140197,0.085168,73.396,0
811,1413393293.405761,243,227,291,273,10.049772,4,32.848,67.064,342170.502702,1,339981.755841,251.713261,792.040490,172.130941,972.862170,0.368579,0.140463,0.085168,74.693,0
812,1413393293.505760,239,232,297,282,10.206248,4,32.754,65.163,342840.146604,1,340736.898488,236.934886,691.035609,189.238749,986.038872,0.355400,0.140654,0.085168,73.578,0
813,1413393293.605761,244,228,300,285,8.222922,3,26.887,37.944,343507.870642,1,341486.938518,221.339521,618.650594,188.529999,992.412010,0.358193,0.140869,0.085166,44.703,0
814,1413393293.705760,243,236,303,287,12.318648,3,27.015,56.683,343427.078452,1,341490.255312,228.240796,567.307379,186.207673,955.067291,0.358152,0.140989,0.085163,64.004,0
815,1413393293.805760,247,234,305,289,6.441988,3,28.069,34.785,344333.003541,1,342339.733854,181.861625,584.112897,193.215261,1034.079903,0.374424,0.141246,0.085160,41.538,0
816,1413393293.905761,245,237,308,292,10.865487,3,26.607,57.971,344256.935685,1,342341.498123,188.645041,551.845661,189.692126,985.254734,0.405261,0.141339,0.085159,65.903,0
817,1413393294.005760,245,236,312,292,5.394065,5,39.752,46.709,345076.846511,1,343207.639098,115.033773,531.901058,203.169249,1019.103333,0.431886,0.141497,0.085157,53.664,0
818,1413393294.105761,235,247,322,301,10.630923,3,28.011,62.036,345025.210252,1,343207.124644,122.150078,510.113059,198.118635,987.703836,0.465479,0.141577,0.085156,70.778,0
819,1413393294.205760,239,247,330,307,7.410401,5,39.299,46.552,345915.570536,1,344063.327498,117.787521,507.231004,213.969456,1013.255057,0.495397,0.141822,0.085154,54.618,0
820,1413393294.305760,233,248,343,315,18.789569,3,27.435,60.949,345891.999546,1,344063.595015,128.352423,498.361083,204.104035,997.586991,0.518312,0.141936,0.085156,70.051,0
821,1413393294.405761,237,245,355,326,4.762256,4,32.547,39.639,346774.495998,1,344907.988711,131.801380,528.476029,205.629023,1000.600854,0.546821,0.142148,0.085155,46.088,0
822,1413393294.505760,239,245,369,336,9.906018,3,29.281,29.282,346665.367739,1,344906.912265,137.951718,469.264916,198.423367,952.815473,0.571794,0.142221,0.085153,37.881,0
823,1413393294.605761,238,245,375,346,15.975396,3,27.276,59.809,346714.764695,1,344909.738699,145.438480,492.308184,198.642554,968.636778,0.585858,0.142332,0.085154,67.008,0
824,1413393294.705760,237,244,381,347,7.881618,3,26.322,33.021,347600.871631,1,345724.203902,158.105253,508.658990,202.482783,1007.420703,0.607133,0.142557,0.085155,39.776,0
825,1413393294.805760,223,252,393,356,17.551964,4,34.392,65.338,347562.127955,1,345724.273212,160.517543,499.126524,198.469219,979.741457,0.604381,0.142624,0.085153,73.676,0
826,1413393294.905761,243,273,401,365,10.004382,5,38.151,72.397,348430.552638,1,346508.851105,159.606053,527.966074,220.039396,1014.090010,0.579444,0.142853,0.085152,79.489,0
827,1413393295.005760,229,270,417,378,8.493413,4,33.623,39.779,349265.333383,1,347249.084539,158.355554,596.318873,217.478113,1044.096304,0.569335,0.142952,0.085150,48.387,0
828,1413393295.105761,235,269,417,378,12.686135,3,29.529,63.212,349254.154179,1,347249.296890,160.764324,597.060263,212.966388,1034.066314,0.574322,0.142968,0.085149,70.834,0
829,1413393295.205760,231,264,433,390,4.940563,3,26.463,33.055,350117.003256,1,347950.989424,159.092714,668.996113,231.769776,1106.155230,0.562752,0.143032,0.085148,44.924,0
830,1413393295.305760,230,259,450,403,11.174298,3,25.336,56.377,349951.387176,1,347950.325473,161.561741,604.075612,218.526999,1016.897352,0.555492,0.143103,0.085149,62.619,0
831,1413393295.405761,231,255,454,410,10.759765,6,41.035,72.958,350645.995830,1,348610.960838,142.373599,603.938270,222.478880,1066.244243,0.545308,0.143256,0.085149,79.015,0
832,1413393295.505760,231,260,454,407,11.959873,4,30.434,60.626,351156.208057,1,349246.885618,122.870978,553.195887,204.838756,1028.416818,0.512685,0.143415,0.085149,67.709,0
833,1413393295.605761,240,266,432,394,11.337121,3,25.849,53.328,351789.749559,1,349847.348693,109.390558,607.330079,201.536747,1024.143482,0.452327,0.143583,0.085150,59.568,0
834,1413393295.705760,240,267,415,382,10.729803,3,28.453,56.801,352406.643935,1,350411.377305,99.913511,633.569546,212.028310,1049.755263,0.423866,0.143739,0.085149,65.708,0
835,1413393295.805760,235,259,421,390,8.644292,3,26.697,32.862,352866.024452,1,350985.151298,86.406557,574.096488,215.132667,1005.237443,0.389883,0.143823,0.085150,40.125,0
836,1413393295.905761,236,254,410,379,13.525841,3,25.620,53.624,352721.885508,1,350984.211756,86.408121,522.473308,203.933673,924.858650,0.333383,0.143843,0.085148,59.783,0
837,1413393296.005760,244,251,416,383,6.147651,6,42.059,49.184,353314.448691,1,351591.477227,85.837204,536.191932,200.691759,900.250569,0.317523,0.143907,0.085147,55.062,0
838,1413393296.105761,239,249,406,379,12.138205,3,26.037,51.151,353275.398664,1,351591.076487,89.404508,518.168537,193.783428,882.965704,0.350267,0.143943,0.085145,58.412,0
839,1413393296.205760,250,244,402,373,4.714995,4,30.216,36.152,354026.985825,1,352173.668119,101.600320,609.246033,205.419193,937.052159,0.392380,0.144049,0.085141,42.623,0
840,1413393296.305760,232,241,416,383,9.160948,3,24.824,24.825,353922.600112,1,352173.560160,107.056302,583.053153,197.162613,861.767882,0.435447,0.144117,0.085137,30.672,0
841,1413393296.405761,234,241,403,374,14.885566,3,24.133,47.489,353914.378124,1,352177.735358,116.761247,577.293923,187.408706,855.178889,0.469734,0.144163,0.085131,53.815,0
842,1413393296.505760,234,238,417,389,9.895703,4,29.997,36.792,354592.010471,1,352753.837399,128.217884,594.333339,221.357016,894.264834,0.476605,0.144310,0.085129,42.561,0
843,1413393296.605761,232,245,415,385,19.304791,3,24.484,48.871,354419.777847,1,352752.219219,128.815774,518.392030,196.895312,823.455512,0.493569,0.144331,0.085125,54.738,0
844,1413393296.705760,240,240,426,394,6.257687,4,29.652,36.486,355135.783963,1,353355.632322,125.932730,560.351744,205.510519,888.356648,0.504204,0.144457,0.085121,42.068,0
845,1413393296.805760,233,257,416,389,11.654444,3,25.559,50.301,355133.717928,1,353359.556594,127.082427,566.850008,197.385189,882.843710,0.474258,0.144522,0.085121,56.571,0
846,1413393296.905761,234,250,423,393,5.635061,4,28.600,35.367,355956.615632,1,353963.121910,131.939770,635.769090,225.667328,1000.117534,0.441772,0.144636,0.085120,40.872,0
847,1413393297.005760,228,245,440,408,8.611353,3,23.003,23.004,355828.233693,1,353955.792694,127.039200,616.518098,208.714533,920.169168,0.410755,0.144613,0.085122,28.690,0
848,1413393297.105761,231,252,444,413,10.763187,3,22.754,47.533,355791.205001,1,353957.279065,125.998015,629.201569,200.938597,877.787755,0.395674,0.144629,0.085122,53.482,0
849,1413393297.205760,237,248,449,410,3.671887,4,28.599,35.275,356556.860525,1,354530.478656,114.877891,742.999207,229.855283,938.649487,0.388099,0.144704,0.085121,40.846,0
850,1413393297.305760,230,246,463,411,6.079905,3,21.402,21.403,356390.629051,1,354530.423126,113.351111,681.889365,195.946267,869.019182,0.371423,0.144716,0.085121,26.976,0
851,1413393297.405761,231,243,466,413,8.259060,3,21.722,21.723,356400.874683,1,354531.610420,113.873856,687.741647,192.079636,875.569124,0.359601,0.144733,0.085118,29.520,0
852,1413393297.505760,238,237,476,419,9.678352,3,23.035,23.036,356359.499887,1,354535.224146,114.524030,657.932643,188.614447,863.204621,0.363167,0.144774,0.085118,28.326,0
853,1413393297.605761,239,235,479,426,10.175127,3,21.115,43.023,356271.179263,1,354537.852496,116.381038,589.013416,185.015651,842.916661,0.352757,0.144813,0.085114,48.455,0
854,1413393297.705760,243,231,476,422,4.926625,4,26.534,32.680,356995.422007,1,355044.470108,106.383987,715.490591,200.036941,929.040380,0.343571,0.144858,0.085110,38.075,0
855,1413393297.805760,235,228,478,422,13.169568,3,21.106,41.294,356746.278751,1,355042.400502,104.864919,593.497940,186.290009,819.225380,0.327396,0.144853,0.085113,46.171,0
856,1413393297.905761,246,220,472,414,9.139003,4,24.966,31.037,357533.968676,1,355489.927865,105.201632,750.973243,200.501832,987.364104,0.307028,0.144856,0.085115,36.407,0
857,1413393298.005760,236,242,474,410,16.101123,3,20.394,37.025,357248.098773,1,355486.140713,106.298599,628.652057,190.203341,836.804063,0.283011,0.144853,0.085113,42.037,0
858,1413393298.105761,248,232,469,406,5.278988,4,24.404,29.957,357834.443305,1,355854.867213,102.479182,719.380286,204.574015,953.142609,0.268712,0.144849,0.085113,36.675,0
859,1413393298.205760,243,230,477,411,8.853677,3,20.461,20.462,357648.719392,1,355851.777656,101.420341,630.769622,193.500158,871.251615,0.280375,0.144863,0.085111,25.342,0
860,1413393298.305760,243,241,455,397,13.801288,3,20.560,35.617,357653.558421,1,355853.209282,101.710752,632.647294,193.436479,872.554615,0.307906,0.144875,0.085109,40.788,0
861,1413393298.405761,249,235,454,388,5.850144,3,21.076,26.420,358243.941257,1,356207.389851,83.221921,735.560534,197.185591,1020.583360,0.336539,0.144866,0.085103,31.377,0
862,1413393298.505760,244,226,429,362,12.480408,3,20.248,34.578,358101.602953,1,356205.043506,83.699015,723.786391,187.053294,902.020746,0.366588,0.144895,0.085101,39.477,0
863,1413393298.605761,232,222,437,365,8.399706,7,37.064,42.576,358687.691715,1,356528.091338,72.741291,804.986529,213.782588,1068.089969,0.389494,0.144884,0.085095,48.354,0
864,1413393298.705760,234,215,426,350,14.636574,3,21.342,35.128,358480.070416,1,356523.202861,73.173406,749.847815,180.109716,953.736617,0.413508,0.144908,0.085097,40.373,0
865,1413393298.805760,239,225,398,326,11.108814,3,21.871,39.065,358784.012191,1,356824.479764,59.291486,790.468785,159.214389,950.557767,0.425914,0.144910,0.085100,43.933,0
866,1413393298.905761,238,237,380,314,11.440057,3,23.527,42.211,359227.519155,1,357104.573903,60.642760,815.606460,177.244653,1069.451380,0.422301,0.144884,0.085103,48.030,0
867,1413393299.005760,241,233,384,310,8.641448,4,25.730,31.676,359691.576184,1,357449.292821,63.513747,814.336411,210.911223,1153.521983,0.421068,0.144907,0.085101,37.130,0
868,1413393299.105761,241,235,364,300,14.013315,3,23.483,40.885,359517.085844,1,357448.929817,67.342243,786.478440,173.739977,1040.595366,0.425238,0.144891,0.085099,46.486,0
869,1413393299.205760,237,233,377,307,5.197900,4,25.953,31.883,359927.584165,1,357911.799379,68.011189,743.518661,177.475486,1026.779450,0.429570,0.144913,0.085096,37.328,0
870,1413393299.305760,228,232,371,311,17.312352,3,23.638,46.149,359906.365238,1,357913.115171,73.881406,742.808468,174.718748,1001.841445,0.406676,0.144915,0.085091,51.786,0
871,1413393299.405761,242,229,364,308,18.452555,4,27.377,52.600,360655.057362,1,358482.462008,87.130075,770.287196,201.715154,1113.462929,0.369569,0.144956,0.085091,58.118,0
872,1413393299.505760,235,238,362,310,16.558385,4,28.190,54.756,361239.507918,1,359083.333031,87.658598,717.351181,213.160235,1138.004873,0.323873,0.144996,0.085091,61.424,0
873,1413393299.605761,242,235,374,315,8.460404,3,23.160,29.831,361692.524068,1,359680.266665,90.356664,656.293681,192.554881,1073.052177,0.275746,0.145033,0.085091,35.430,0
874,1413393299.705760,251,256,354,298,14.057286,3,24.426,50.102,361679.459286,1,359681.704394,93.116561,673.586706,191.768405,1039.283219,0.242630,0.145046,0.085089,56.219,0
875,1413393299.805760,250,253,357,301,8.378438,4,27.740,34.481,362451.106783,1,360307.041758,90.275572,735.578148,194.138608,1124.072697,0.215273,0.145071,0.085089,40.287,0
876,1413393299.905761,245,251,353,301,11.644761,3,25.593,51.457,362394.007896,1,360307.464324,93.565218,710.123343,183.144784,1099.710227,0.200074,0.145070,0.085085,57.383,0
877,1413393300.005760,251,246,341,293,3.287898,4,28.812,35.606,363346.444365,1,360939.984281,98.216719,792.274043,243.220835,1272.748486,0.210636,0.145067,0.085081,41.400,0
878,1413393300.105761,237,246,355,303,7.838539,3,25.526,25.527,363007.321426,1,360940.715755,100.646577,681.549206,192.339543,1092.070344,0.222666,0.145080,0.085077,31.380,0
879,1413393300.205760,249,248,352,303,11.419961,3,24.946,51.070,363038.491675,1,360944.641258,105.306875,700.908798,192.571915,1095.062828,0.258920,0.145095,0.085071,56.988,0
880,1413393300.305760,238,238,341,297,10.502142,4,28.837,57.022,363782.760463,1,361600.938480,109.127447,751.392833,190.837803,1130.463900,0.297446,0.145118,0.085064,62.784,0
881,1413393300.405761,241,243,325,290,22.843936,4,30.340,57.750,364654.838823,1,362278.805383,116.040832,795.265855,229.783928,1234.942825,0.305588,0.145137,0.085057,65.688,0
882,1413393300.505760,224,237,331,296,29.599867,4,28.395,58.356,365057.985958,1,362950.061562,119.732931,702.540473,186.147391,1099.503601,0.275422,0.145141,0.085051,63.997,0
883,1413393300.605761,238,241,334,298,31.977814,3,25.562,55.402,365718.824408,1,363646.516115,120.529507,661.776685,190.260192,1099.741909,0.235211,0.145151,0.085049,62.676,0
884,1413393300.705760,240,250,337,300,32.243850,4,30.884,64.429,366365.568708,1,364387.681101,130.443618,627.670478,197.042967,1022.730544,0.227681,0.145197,0.085046,71.335,0
885,1413393300.805760,231,263,335,300,29.721983,4,31.650,65.888,367431.875938,1,365202.041882,147.910377,661.329974,258.565578,1162.028126,0.171676,0.145275,0.085043,74.196,0
886,1413393300.905761,235,260,350,312,25.789345,3,25.765,62.326,368106.266703,1,366053.319687,161.368927,624.858851,240.151282,1026.567955,0.141159,0.145374,0.085037,69.140,0
887,1413393301.005760,245,262,358,317,20.269623,4,31.376,65.291,369034.064849,1,366938.923554,166.894470,621.699924,226.404064,1080.142837,0.199678,0.145501,0.085031,74.069,0
888,1413393301.105761,237,261,348,306,17.379052,4,31.214,67.027,369968.216486,1,367812.670012,153.606291,630.423688,214.006676,1157.509820,0.258499,0.145649,0.085025,75.402,0
889,1413393301.205760,239,262,354,310,15.812928,4,31.356,63.775,370910.714942,1,368691.485615,176.086070,650.386643,228.420440,1164.336173,0.314920,0.145911,0.085018,73.107,0
890,1413393301.305760,238,258,351,310,17.794867,4,32.213,66.196,371791.922675,1,369536.461908,226.699562,643.368910,202.489670,1182.902626,0.295229,0.146234,0.085010,72.744,0
891,1413393301.405761,210,249,365,328,21.982610,4,32.557,63.237,372854.751753,1,370366.885788,291.570217,706.345958,193.269774,1296.680016,0.268689,0.146633,0.085004,72.337,0
892,1413393301.505760,236,245,378,335,26.896828,5,34.213,69.267,373855.334147,1,371155.368506,314.607243,803.523808,192.389368,1389.445222,0.264917,0.146989,0.085002,75.861,0
893,1413393301.605761,212,242,388,347,29.634728,4,29.709,64.674,374521.456902,1,371909.738095,334.257170,753.807251,180.701808,1342.952579,0.259258,0.147262,0.085004,70.684,0
894,1413393301.705760,228,255,403,352,31.995234,4,29.361,62.744,375100.341946,1,372606.346411,351.845748,685.037619,194.996551,1262.115617,0.251403,0.147501,0.085005,68.911,0
895,1413393301.805760,238,251,406,349,29.418946,3,26.523,61.920,375771.439972,1,373306.676382,348.787805,707.658166,197.607162,1210.710457,0.256731,0.147652,0.085002,69.157,0
896,1413393301.905761,147,250,451,403,0.000000,3,23.022,58.823,376377.391123,1,374049.906927,320.706821,687.081303,210.023005,1109.673068,0.274773,0.147661,0.085003,65.544,0
897,1413393302.005760,235,231,479,402,19.570406,7,39.534,71.823,377049.301539,0,374769.003771,264.627155,638.082023,239.317003,1138.271587,0.287853,0.147636,0.085002,79.672,0
898,1413393302.105761,238,227,486,411,15.212250,3,21.392,52.811,377499.850591,1,375492.523185,202.226132,609.625981,197.197798,998.277495,0.314298,0.147598,0.084999,58.034,0
899,1413393302.205760,244,287,451,380,13.545094,3,25.582,57.684,378292.337250,1,376113.755291,141.832509,696.695266,243.503067,1096.551117,0.353607,0.147679,0.084993,63.758,0
900,1413393302.305760,234,282,454,379,11.506256,3,23.270,48.866,378730.189943,1,376677.614047,108.862084,645.081887,229.010438,1069.621487,0.372429,0.147748,0.084992,54.731,0
901,1413393302.405761,238,288,432,362,10.856247,3,23.923,50.879,379070.413718,1,377195.983515,97.948982,582.906775,242.001416,951.573031,0.381902,0.147848,0.084993,56.739,0
902,1413393302.505760,243,244,422,347,10.217224,3,23.495,52.400,379646.831594,1,377728.304773,98.495002,578.404400,240.652798,1000.974622,0.391473,0.147989,0.084997,58.185,0
903,1413393302.605761,244,240,427,352,8.612526,3,23.663,31.401,379956.967355,1,378220.049678,102.819161,507.890969,220.381785,905.825761,0.385957,0.148169,0.085002,38.631,0
904,1413393302.705760,240,250,428,351,17.906424,2,18.766,34.910,379900.928472,1,378219.997770,106.662236,502.724848,215.230492,856.313127,0.378106,0.148253,0.085003,40.089,0
905,1413393302.805760,199,242,434,352,6.402256,3,22.342,28.280,380474.224195,1,378708.219300,101.902637,562.421294,213.205122,888.475842,0.358526,0.148384,0.085009,33.549,0
906,1413393302.905761,209,240,376,314,13.443000,2,17.941,35.955,380355.145309,1,378706.907835,105.218564,517.590887,196.736937,828.691086,0.345461,0.148464,0.085011,41.393,0
907,1413393303.005760,236,240,405,324,7.951241,4,25.225,31.110,380909.876534,1,379187.524063,93.649296,537.895429,193.261188,897.546558,0.319101,0.148644,0.085007,36.479,0
908,1413393303.105761,242,247,407,324,14.705674,3,22.065,38.683,380897.873502,1,379185.228441,94.948585,550.774620,192.727981,874.193874,0.288726,0.148697,0.085006,44.317,0
909,1413393303.205760,210,242,434,348,8.792370,3,23.375,29.276,381407.708924,1,379639.769217,86.044654,579.504195,204.053010,898.337848,0.273232,0.148780,0.085008,35.299,0
910,1413393303.305760,237,252,442,353,18.851681,2,19.356,46.758,381295.781821,1,379639.289348,84.854723,517.647410,195.662904,858.327436,0.275102,0.148778,0.085013,52.467,0
911,1413393303.405761,247,249,433,342,6.785313,4,29.435,36.298,382211.412798,1,380216.502053,79.990032,726.303490,216.383109,972.234114,0.274912,0.148937,0.085016,41.668,0
912,1413393303.505760,200,247,460,363,14.807686,3,23.005,50.827,381893.095321,1,380214.527009,80.718118,561.840811,190.191434,845.817949,0.305102,0.148986,0.085014,56.289,0
913,1413393303.605761,235,243,473,358,8.945509,4,26.497,33.242,382699.922546,1,380765.789676,72.150903,706.185091,206.487831,949.309045,0.352572,0.149146,0.085019,38.581,0
914,1413393303.705760,230,241,482,354,19.364639,3,22.844,50.688,382546.012210,1,380767.161945,72.811785,617.744277,192.477374,895.816829,0.364626,0.149216,0.085016,56.141,0
915,1413393303.805760,204,204,496,370,10.712041,4,26.046,54.816,383254.407759,1,381330.096678,64.023855,709.887221,191.118114,959.281890,0.378537,0.149354,0.085017,59.927,0
916,1413393303.905761,221,205,505,377,10.379168,3,21.140,43.946,383808.221807,1,381864.515904,60.613205,755.684938,184.621981,942.785779,0.392853,0.149436,0.085017,49.233,0
917,1413393304.005760,230,199,469,362,10.896168,4,24.501,48.378,384294.901013,1,382388.854201,62.668312,732.984117,173.078738,937.315645,0.323282,0.149526,0.085019,53.275,0
918,1413393304.105761,74,196,460,365,0.000000,4,23.134,43.134,384531.917860,1,382903.366264,58.848781,628.805091,156.698545,784.199179,0.230209,0.149574,0.085021,48.247,0
919,1413393304.205760,173,189,526,362,10.249943,4,22.294,43.608,384967.169371,1,383395.676165,69.025102,578.426047,148.313261,775.728796,0.211115,0.149663,0.085022,48.370,0
920,1413393304.305760,119,185,550,413,0.000000,3,17.795,37.687,385335.232619,1,383913.358053,82.892872,482.531989,152.609820,703.839885,0.235873,0.149795,0.085024,42.182,0
921,1413393304.405761,192,184,593,434,7.128822,4,20.215,26.046,386035.214918,1,384430.856949,101.000289,563.965557,160.132255,779.259868,0.232110,0.149974,0.085021,30.413,0
922,1413393304.505760,215,201,588,426,13.191812,3,17.296,33.864,385798.570693,1,384431.323046,115.519583,428.219182,154.118152,669.390728,0.253137,0.150098,0.085020,37.887,0
923,1413393304.605761,235,198,604,429,6.996005,3,16.305,21.420,386348.614466,1,384927.651547,131.317030,415.505363,167.926407,706.214118,0.263185,0.150273,0.085022,25.315,0
924,1413393304.705760,233,196,606,433,15.452409,3,15.935,30.593,386277.082709,1,384928.255486,137.119100,396.973574,157.623763,657.110786,0.280693,0.150351,0.085020,34.380,0
925,1413393304.805760,232,277,576,420,11.118710,6,29.657,48.404,386949.872191,1,385400.379942,154.128885,421.318981,218.714442,755.329940,0.299450,0.150452,0.085028,53.004,0
926,1413393304.905761,217,210,583,425,12.710282,4,23.297,40.814,387468.816432,1,385863.642290,164.507383,458.056243,228.661872,753.948644,0.316680,0.150520,0.085032,45.725,0
927,1413393305.005760,231,220,588,419,12.533348,4,19.472,29.151,387685.965232,1,386263.644435,169.132925,422.725363,164.693131,665.769378,0.324075,0.150602,0.085034,33.060,0
928,1413393305.105761,226,230,458,319,10.606273,4,22.873,31.389,387961.028887,1,386491.171535,165.109336,439.101955,170.660637,694.985424,0.340804,0.150690,0.085034,37.359,0
929,1413393305.205760,231,226,469,334,9.814436,4,22.935,26.698,388417.302926,1,386722.287440,149.836606,554.507806,182.480368,808.190707,0.369338,0.150790,0.085035,31.331,0
930,1413393305.305760,229,246,484,350,16.959593,3,18.528,25.696,388223.367386,1,386717.945473,153.479988,461.007229,169.330652,721.604043,0.380936,0.150822,0.085034,30.010,0
931,1413393305.405761,224,242,506,358,7.993613,4,24.018,27.797,388515.208392,1,386925.198783,126.075482,474.473824,169.873495,819.586809,0.410734,0.150895,0.085028,32.835,0
932,1413393305.505760,224,247,452,369,15.065011,3,19.296,27.750,388486.374337,1,386918.912061,127.514005,452.773466,163.150529,824.024276,0.440128,0.150906,0.085023,32.407,0
933,1413393305.605761,209,244,472,379,8.103622,7,34.235,38.771,388857.638501,1,387124.792983,106.953998,508.542551,197.784520,919.564449,0.474425,0.150935,0.085014,43.738,0
934,1413393305.705760,231,249,487,384,16.450751,3,19.070,28.236,388828.560932,1,387120.993192,102.948406,532.767131,173.627113,898.225091,0.500302,0.150942,0.085013,33.120,0
935,1413393305.805760,220,246,504,397,8.417918,4,24.662,28.917,388890.529413,1,387334.421222,95.076550,512.095543,179.391713,769.544384,0.527337,0.150965,0.085005,33.973,0
936,1413393305.905761,221,241,490,387,19.274735,3,20.578,39.653,388819.120730,1,387334.748060,100.458496,491.490915,173.591387,718.831872,0.564376,0.150964,0.085008,44.883,0
937,1413393306.005760,225,260,488,380,12.314586,4,24.956,47.931,389285.564740,1,387702.949313,122.001722,497.461885,168.784542,794.367277,0.618196,0.151019,0.085006,52.852,0
938,1413393306.105761,178,246,482,377,10.954348,4,25.018,48.376,389776.447172,1,388111.343987,152.242268,585.936827,184.092847,742.831243,0.665173,0.151063,0.085006,53.486,0
939,1413393306.205760,188,237,503,381,14.670024,4,22.671,42.867,390091.993180,1,388509.929508,160.545914,550.690063,165.465248,705.362448,0.694084,0.151102,0.085007,47.529,0
940,1413393306.305760,217,219,510,383,17.039523,3,19.534,38.138,390302.184931,1,388851.954895,143.071563,487.326626,149.604204,670.227643,0.704799,0.151119,0.085010,43.097,0
941,1413393306.405761,165,223,504,380,15.107175,4,21.189,38.037,390591.800984,1,389155.019734,120.813031,531.459595,127.211526,657.297099,0.698997,0.151137,0.085016,42.710,0
942,1413393306.505760,198,220,502,353,12.160146,4,21.174,37.225,390862.374237,1,389372.286006,118.863875,527.084370,129.564318,714.575667,0.685076,0.151145,0.085017,43.436,0
943,1413393306.605761,210,216,528,371,7.875016,5,23.544,28.283,391050.421300,1,389604.206354,122.457584,577.138717,133.912690,612.705956,0.666256,0.151121,0.085020,32.796,0
944,1413393306.705760,203,213,534,383,17.802605,3,16.377,29.730,390830.936525,1,389605.433281,120.254472,452.582893,117.501605,535.164273,0.672492,0.151092,0.085021,33.688,0
945,1413393306.805760,196,202,534,396,14.037170,4,20.124,38.186,391165.748561,1,389816.448435,120.467154,502.766423,121.396756,604.669793,0.646739,0.151051,0.085023,42.222,0
946,1413393306.905761,216,207,530,390,11.197965,4,21.468,37.706,391454.075920,1,390041.725938,112.330686,532.391597,136.545256,631.082443,0.581665,0.150994,0.085017,42.469,0
947,1413393307.005760,228,205,555,399,8.278773,4,20.767,25.942,391774.668947,1,390278.824269,112.045176,592.154861,154.503299,637.141343,0.507129,0.150896,0.085011,30.341,0
948,1413393307.105761,213,210,527,410,17.841416,3,17.236,30.452,391658.131057,1,390282.191304,115.783872,517.618252,133.381728,609.155902,0.451280,0.150811,0.085010,34.658,0
949,1413393307.205760,230,199,520,413,16.612147,5,24.523,40.197,392011.512952,1,390529.717257,122.797604,575.075122,132.660168,651.262801,0.414024,0.150706,0.085006,44.709,0
950,1413393307.305760,229,214,509,405,20.662328,4,22.980,37.645,392392.875062,1,390788.413656,111.547253,621.512602,152.501073,718.900477,0.387772,0.150602,0.085003,42.529,0
951,1413393307.405761,235,222,455,382,22.854729,3,19.755,35.292,392676.501088,1,391056.322999,118.315443,599.014492,139.361470,763.486684,0.372002,0.150478,0.084997,40.582,0
952,1413393307.505760,236,224,440,378,24.461816,3,21.178,36.653,393058.993297,1,391340.806437,120.373236,576.845165,148.966336,872.002124,0.364447,0.150326,0.084993,41.961,0
953,1413393307.605761,232,225,424,366,28.190948,4,25.018,42.988,393569.575745,1,391645.027620,113.140131,695.587729,158.718859,957.101406,0.369152,0.150181,0.084991,48.014,0
954,1413393307.705760,217,222,392,356,27.801701,6,37.610,58.361,393926.625141,1,391925.394807,94.377517,681.272787,162.927378,1062.652652,0.391841,0.150016,0.084992,65.328,0
955,1413393307.805760,230,222,383,345,25.872201,3,21.072,42.409,394257.748152,1,392265.568103,92.483714,653.947666,162.335451,1083.413219,0.422449,0.149894,0.084992,48.048,0
956,1413393307.905761,215,225,380,343,29.250381,3,24.366,48.272,394613.651873,1,392666.196874,93.011922,638.431008,158.426557,1057.585511,0.442067,0.149718,0.084989,54.027,0
957,1413393308.005760,215,236,384,351,29.112756,4,26.411,54.176,395195.409607,1,393157.899719,93.809577,691.973224,157.902069,1093.825018,0.458574,0.149480,0.084987,59.655,0
958,1413393308.105761,227,237,384,343,25.695773,5,32.138,62.371,395691.026594,1,393686.733160,99.622982,655.875925,185.504512,1063.290015,0.485229,0.149316,0.084980,68.763,0
959,1413393308.205760,228,247,390,342,24.198937,5,34.309,64.850,396351.504448,1,394285.131898,89.885023,710.403913,203.062682,1063.020932,0.519279,0.149140,0.084975,71.107,0
960,1413393308.305760,216,236,402,350,22.099971,3,24.913,59.192,397008.134739,1,394877.362028,95.303210,705.003234,210.173202,1120.293064,0.540934,0.148955,0.084966,65.114,0
961,1413393308.405761,231,237,403,350,22.222073,3,23.510,52.593,397597.134276,1,395483.256106,87.043391,679.108394,199.673958,1148.052426,0.548876,0.148730,0.084958,58.048,0
962,1413393308.505760,219,229,400,352,20.581339,3,23.401,49.588,398121.196985,1,396033.912595,82.170968,693.158448,197.643841,1114.311133,0.544396,0.148523,0.084952,55.502,0
963,1413393308.605761,211,225,408,355,18.705708,3,22.492,46.063,398650.187817,1,396561.872373,76.963671,734.721945,182.093709,1094.536118,0.516552,0.148388,0.084942,52.421,0
964,1413393308.705760,219,228,412,349,19.689477,3,23.527,49.518,398933.126766,1,397016.159351,71.167273,624.302307,167.312059,1054.185775,0.505538,0.148112,0.084942,55.165,0
965,1413393308.805760,225,235,411,353,20.338814,5,31.404,58.368,399549.455702,1,397507.932926,77.294613,659.867664,193.018954,1111.341545,0.477997,0.147720,0.084942,64.281,0
966,1413393308.905761,224,240,422,367,22.772912,3,24.998,51.431,400044.364847,1,398003.424286,106.187871,629.633599,195.360296,1109.758796,0.456427,0.147343,0.084947,57.456,0
967,1413393309.005760,233,245,407,363,25.624004,6,39.348,65.392,400767.532843,1,398536.585627,156.272077,724.911112,204.197743,1145.566283,0.417369,0.146925,0.084949,72.876,0
968,1413393309.105761,200,249,420,376,26.226650,4,28.348,56.353,401404.032985,1,399110.930746,211.633029,723.581677,202.228466,1155.659067,0.380802,0.146585,0.084950,62.745,0
969,1413393309.205760,230,235,435,387,23.753698,4,27.429,57.136,402245.779044,1,399682.048022,283.014196,784.474468,241.284311,1254.958047,0.339631,0.146230,0.084953,62.885,0
970,1413393309.305760,233,236,433,388,20.703927,4,28.135,56.072,402699.618934,1,400272.777254,329.043705,702.213626,210.160066,1185.424282,0.315748,0.146022,0.084955,63.046,0
971,1413393309.405761,239,259,406,368,14.720077,4,29.134,55.208,403415.250329,1,400845.923062,349.953490,762.880287,220.201586,1236.291905,0.310723,0.145893,0.084954,61.567,0
972,1413393309.505760,246,253,414,371,9.799098,3,24.684,31.154,403956.936719,1,401433.272473,351.349821,730.672730,217.796190,1223.845504,0.300872,0.145763,0.084954,37.292,0
973,1413393309.605761,244,255,397,356,15.404381,3,22.826,45.084,403876.199600,1,401431.913887,358.510640,707.020214,211.140398,1167.614462,0.305226,0.145547,0.084954,50.557,0
974,1413393309.705760,215,255,397,355,13.337474,4,27.000,53.046,404550.990840,1,402030.369088,337.689926,734.670651,216.632196,1231.628979,0.306266,0.145183,0.084953,58.415,0
975,1413393309.805760,202,240,394,348,14.093748,3,23.229,50.019,404949.324146,1,402652.495039,284.292243,681.058049,231.970957,1099.507859,0.314527,0.144864,0.084948,55.663,0
976,1413393309.905761,228,234,417,355,13.132035,3,22.309,47.435,405300.974979,1,403241.685027,201.742750,605.757296,214.628181,1037.161725,0.289697,0.144540,0.084945,52.743,0
977,1413393310.005760,235,243,390,336,12.075651,3,21.576,45.575,405713.835820,1,403767.492328,140.496883,591.231056,225.069954,989.545600,0.253389,0.144106,0.084943,51.649,0
978,1413393310.105761,238,259,388,330,11.370167,6,34.542,59.363,406161.794629,1,404263.774771,95.565666,592.611151,223.534038,986.309003,0.237446,0.143787,0.084943,65.404,0
979,1413393310.205760,245,258,391,331,8.004850,3,23.954,28.284,406495.644580,1,404727.316636,75.076160,520.363194,229.802410,943.086180,0.227935,0.143462,0.084944,37.780,0
980,1413393310.305760,242,270,381,326,13.950957,2,20.698,46.338,406418.716446,1,404725.608834,76.541149,505.281565,227.032170,884.252729,0.221209,0.143363,0.084943,51.962,0
981,1413393310.405761,236,268,394,338,9.306105,3,24.102,30.990,407008.901739,1,405319.112109,73.032569,505.054869,249.278842,862.423350,0.228433,0.143063,0.084947,36.506,0
982,1413393310.505760,242,261,385,320,15.933511,3,23.895,52.589,407013.026656,1,405317.910040,77.015701,507.410493,249.229568,861.460853,0.242302,0.142887,0.084947,58.183,0
983,1413393310.605761,246,258,387,318,3.986633,3,25.380,32.113,407752.301628,1,405969.062362,79.303923,555.138198,238.555063,910.242082,0.236868,0.142598,0.084948,37.693,0
984,1413393310.705760,239,238,391,321,10.075586,3,25.281,51.131,407694.648104,1,405968.701811,85.461799,549.363206,234.542620,856.578668,0.230199,0.142459,0.084945,57.035,0
985,1413393310.805760,241,234,393,323,8.830296,3,25.238,31.602,408396.615401,1,406646.198169,86.651568,552.645246,210.554617,900.565801,0.221781,0.142244,0.084941,38.375,0
986,1413393310.905761,245,244,371,321,15.452833,2,20.249,43.458,408311.877260,1,406647.694210,89.086959,482.789993,210.198820,882.107277,0.226433,0.142193,0.084937,49.551,0
987,1413393311.005760,245,242,375,324,2.668116,3,25.826,32.532,409050.049653,1,407305.884632,76.514915,539.996762,211.273158,916.380187,0.248496,0.142145,0.084934,38.105,0
988,1413393311.105761,248,252,351,302,11.173688,2,19.695,42.222,409012.453979,1,407304.936446,76.446217,534.375769,208.920840,887.774708,0.295712,0.142157,0.084932,48.059,0
989,1413393311.205760,248,249,351,301,8.562397,4,31.934,38.135,409771.155162,1,407949.125045,64.557216,607.447990,213.912047,936.112863,0.363574,0.142060,0.084928,44.738,0
990,1413393311.305760,235,252,345,292,13.012704,3,26.226,52.901,409743.652215,1,407948.199991,64.954755,604.449563,209.745372,916.302533,0.402296,0.141995,0.084928,58.856,0
991,1413393311.405761,240,245,347,290,5.391230,3,25.736,31.922,410605.869142,1,408643.171094,61.953238,683.899948,217.940917,998.903945,0.429214,0.141840,0.084932,38.333,0
992,1413393311.505760,225,241,348,292,11.227616,3,27.365,56.692,410492.141563,1,408643.225606,61.457788,620.763028,208.012426,958.682715,0.442886,0.141736,0.084933,63.552,0
993,1413393311.605761,234,237,360,292,6.257501,4,29.728,36.888,411186.259596,1,409324.193561,55.647042,662.384691,183.266891,960.767411,0.466363,0.141565,0.084938,42.323,0
994,1413393311.705760,227,230,360,289,10.728665,3,25.868,56.116,411084.915180,1,409323.122166,55.729717,620.898420,174.615712,910.549165,0.485329,0.141469,0.084937,61.798,0
995,1413393311.805760,219,227,372,297,8.375257,3,23.887,31.262,412001.245547,1,410008.646204,60.218944,723.815408,184.309965,1024.255026,0.495940,0.141254,0.084940,36.840,0
996,1413393311.905761,203,223,385,310,18.534334,3,26.038,55.862,411947.633493,1,410010.741169,62.049611,690.813954,174.117740,1009.911019,0.499442,0.141074,0.084940,61.790,0
997,1413393312.005760,228,230,388,307,12.138090,4,29.209,59.680,412704.206083,1,410682.663745,60.543789,718.460963,176.365483,1066.172101,0.487364,0.140817,0.084941,65.768,0
998,1413393312.105761,229,243,393,309,14.567707,5,34.242,65.557,413273.772217,1,411336.795085,58.877806,635.161794,195.413846,1047.523687,0.460583,0.140586,0.084942,73.815,0
999,1413393312.205760,208,243,407,327,16.464482,4,30.304,67.101,414113.002632,1,412027.501064,59.479204,653.100978,205.985080,1166.936305,0.431478,0.140360,0.084942,73.361,0
1000,1413393312.305760,239,233,422,329,12.197332,4,32.224,66.256,414991.145355,1,412684.586800,67.220801,738.058330,209.854879,1291.424545,0.411169,0.140119,0.084943,72.820,0
1001,1413393312.405761,225,216,422,321,11.890162,3,24.318,54.714,415540.863876,1,413293.450287,69.865769,723.439718,205.260671,1248.847430,0.391535,0.139872,0.084944,60.020,0
1002,1413393312.505760,238,224,418,317,15.663551,4,29.736,55.542,416061.364672,1,413852.565486,85.841548,722.259037,175.003057,1225.695544,0.362220,0.139585,0.084941,62.721,0
1003,1413393312.605761,239,231,395,302,14.163391,4,29.221,54.099,416412.420231,1,414371.880524,93.620928,649.321615,168.673799,1128.923366,0.346724,0.139379,0.084938,59.357,0
1004,1413393312.705760,248,230,400,300,6.237644,3,25.869,33.677,416996.558183,1,414908.029372,99.424825,650.970590,185.427587,1152.705810,0.334603,0.139254,0.084935,39.862,0
1005,1413393312.805760,235,243,380,304,14.123564,2,21.099,44.750,416977.689637,1,414907.466087,98.693960,681.095725,178.458825,1111.975040,0.342339,0.139211,0.084935,50.710,0
1006,1413393312.905761,248,240,386,303,7.054538,3,25.062,31.788,417603.335048,1,415463.433596,97.805324,709.682835,193.554070,1138.859222,0.326566,0.139174,0.084932,37.194,0
1007,1413393313.005760,237,234,379,301,16.717653,2,19.919,44.216,417569.959795,1,415462.142868,97.402585,700.421383,181.049899,1128.943060,0.305207,0.139127,0.084933,49.951,0
1008,1413393313.105761,232,244,375,296,17.292272,4,29.998,59.229,418159.563456,1,416060.106667,98.224701,718.120211,176.728624,1106.383253,0.255226,0.139044,0.084930,65.521,0
1009,1413393313.205760,244,242,354,288,9.975693,4,31.398,60.863,419029.034059,1,416681.658502,105.561459,790.873271,192.790583,1258.150244,0.290752,0.138911,0.084926,67.636,0
1010,1413393313.305760,240,243,355,288,9.999081,4,31.255,62.763,419739.459976,1,417340.839355,125.031068,868.574028,188.382720,1216.632805,0.270658,0.138657,0.084922,68.229,0
1011,1413393313.405761,244,250,338,279,10.459020,4,32.034,63.084,420216.324356,1,418010.250658,137.837349,736.572047,186.195415,1145.468888,0.262059,0.138501,0.084920,71.875,0
1012,1413393313.505760,233,249,343,284,10.935558,4,31.310,65.117,420899.761585,1,418722.255370,150.676781,722.347205,204.631193,1099.851036,0.281822,0.138347,0.084919,70.984,0
1013,1413393313.605761,224,246,355,296,12.563902,5,37.632,70.537,421782.437442,1,419445.288334,199.276471,781.788730,200.707321,1155.376586,0.237549,0.138096,0.084923,77.373,0
1014,1413393313.705760,248,235,342,282,13.648727,4,32.394,67.379,422752.749569,1,420175.641925,310.316772,864.229989,202.791149,1199.769734,0.229463,0.137873,0.084928,74.602,0
1015,1413393313.805760,246,247,339,278,13.103395,4,33.038,67.904,423272.172829,1,420881.392639,416.997045,675.966488,193.883345,1103.933312,0.192298,0.137748,0.084931,74.939,0
1016,1413393313.905761,252,269,326,268,18.273217,4,32.447,70.330,423979.585458,1,421588.540907,506.943142,589.035410,196.306741,1098.759257,0.205012,0.137719,0.084934,77.215,0
1017,1413393314.005760,244,265,315,258,21.507004,4,37.655,72.345,424807.669047,1,422338.636618,546.716354,621.488999,197.761632,1103.065444,0.221552,0.137696,0.084936,80.818,0
1018,1413393314.105761,242,258,321,262,28.604861,4,32.462,69.333,425432.867658,1,423100.796096,557.194426,550.125151,184.608966,1040.143018,0.214571,0.137646,0.084937,76.734,0
1019,1413393314.205760,247,242,319,265,21.522053,3,27.706,63.228,426202.175340,1,423915.139711,539.418722,534.516927,182.849275,1030.250705,0.219927,0.137554,0.084942,69.729,0
1020,1413393314.305760,240,246,310,260,10.514153,3,25.081,60.674,426839.104601,1,424692.364722,493.138086,535.112566,167.034838,951.454388,0.217182,0.137368,0.084948,66.586,0
1021,1413393314.405761,250,246,317,261,4.632225,3,26.849,35.104,427661.322649,1,425503.435793,471.243305,480.887691,170.144099,1035.611761,0.191433,0.137070,0.084954,41.477,0
1022,1413393314.505760,244,249,299,248,11.005864,3,28.462,59.635,427679.998078,1,425507.677306,491.119434,495.102343,163.773123,1022.325873,0.165912,0.136893,0.084953,65.731,0
1023,1413393314.605761,241,252,304,250,16.392104,4,29.522,65.077,428525.412184,1,426366.724417,416.030953,491.429772,170.504070,1080.722974,0.152467,0.136662,0.084960,70.213,0
1024,1413393314.705760,235,249,309,252,24.527569,3,27.242,71.990,429158.185117,1,427101.445283,297.070391,515.352438,176.182644,1068.134362,0.153951,0.136510,0.084964,79.327,0
1025,1413393314.805760,236,247,327,264,27.337445,4,31.634,75.773,429879.371945,1,427831.754650,269.229915,548.733285,166.570771,1063.083325,0.168687,0.136358,0.084965,81.962,0
1026,1413393314.905761,240,247,318,259,24.616196,4,31.274,71.747,430664.956345,1,428570.732972,284.036620,575.335733,167.707155,1067.143864,0.205124,0.136251,0.084964,79.551,0
1027,1413393315.005760,225,244,331,261,25.947693,4,31.069,70.353,431337.806535,1,429270.032151,307.532437,557.255876,183.775110,1019.210961,0.257784,0.136189,0.084965,75.697,0
1028,1413393315.105761,226,245,347,274,27.681883,3,26.604,65.863,432115.538292,1,429963.932277,323.846226,611.065512,168.313613,1048.380664,0.309366,0.136161,0.084969,72.518,0
1029,1413393315.205760,225,243,348,272,22.854140,3,24.106,70.493,432865.568979,1,430625.182797,331.792257,698.718964,169.214499,1040.660463,0.364653,0.136165,0.084973,75.404,0
1030,1413393315.305760,232,241,350,265,15.062272,3,25.193,63.171,433586.571171,1,431285.138583,324.672875,786.963587,172.691579,1017.104548,0.398623,0.136197,0.084975,70.391,0
1031,1413393315.405761,216,242,348,267,10.136415,3,23.213,57.737,434067.410255,1,431928.080077,269.247164,769.842018,180.733786,919.507210,0.420069,0.136289,0.084980,63.729,0
1032,1413393315.505760,195,241,362,282,14.599868,4,29.595,62.150,434709.449218,1,432553.229603,265.537174,768.966727,175.332606,946.383108,0.435606,0.136387,0.084985,68.632,0
1033,1413393315.605761,223,229,380,288,15.603747,4,28.182,60.664,435029.645556,1,433149.067200,235.562836,631.014827,154.960753,859.039941,0.450430,0.136465,0.084990,65.988,0
1034,1413393315.705760,192,229,403,315,12.795113,3,23.491,55.765,435473.118825,1,433728.435073,207.186165,537.330696,142.559365,857.607525,0.461908,0.136539,0.084992,61.534,0
1035,1413393315.805760,200,232,414,330,15.419245,3,22.243,50.802,436009.195136,1,434317.695147,172.892012,506.613596,157.987869,854.006512,0.509192,0.136598,0.084992,55.689,0
1036,1413393315.905761,220,228,421,331,13.552944,4,26.991,56.483,436797.572184,1,434907.613278,147.227250,669.135633,141.434737,932.161286,0.534219,0.136648,0.084989,61.866,0
1037,1413393316.005760,185,222,428,342,14.177842,3,21.253,52.589,437226.027658,1,435491.661432,117.497270,624.437420,138.691562,853.739975,0.515980,0.136695,0.084983,58.062,0
1038,1413393316.105761,217,205,442,342,10.980024,4,25.637,56.162,437906.525908,1,436058.998906,97.724963,683.062615,164.348650,902.390774,0.530395,0.136755,0.084980,61.770,0
1039,1413393316.205760,226,199,465,345,9.901439,3,20.452,31.276,438208.047438,1,436605.976080,81.468352,611.978444,145.713257,762.911305,0.560667,0.136789,0.084974,36.353,0
1040,1413393316.305760,234,199,465,346,19.848492,3,20.577,40.415,438047.712258,1,436601.576209,76.397140,519.066907,132.455631,718.216371,0.568465,0.136790,0.084975,45.220,0
1041,1413393316.405761,195,216,470,373,11.598903,3,20.294,42.434,438563.970161,1,437063.763415,86.075134,566.984737,135.779850,711.367026,0.569653,0.136830,0.084971,50.556,0
1042,1413393316.505760,241,214,469,368,10.958751,4,26.022,49.516,439302.512750,1,437547.627864,99.679112,651.203331,172.895599,831.106843,0.572054,0.136863,0.084967,54.918,0
1043,1413393316.605761,195,211,460,380,11.134895,3,20.299,41.931,439668.460492,1,438026.227119,112.269297,589.088067,161.027652,779.848357,0.548910,0.136884,0.084963,49.633,0
1044,1413393316.705760,232,203,471,378,9.652733,4,25.962,31.350,440360.529832,1,438539.326736,117.297196,674.515109,185.479681,843.911110,0.512433,0.136910,0.084960,36.962,0
1045,1413393316.805760,235,211,468,383,18.933370,3,21.785,41.389,440216.828336,1,438539.072527,123.649068,580.543714,171.705497,801.857530,0.473006,0.136924,0.084961,46.644,0
1046,1413393316.905761,239,204,454,360,10.297784,3,19.553,40.423,440743.107901,1,439034.022579,120.346731,605.331974,168.968769,814.437848,0.445566,0.136952,0.084959,46.008,0
1047,1413393317.005760,239,249,420,338,10.641893,3,22.270,42.843,441327.914314,1,439555.144742,107.427065,613.576717,192.938999,858.826791,0.463187,0.137000,0.084955,49.837,0
1048,1413393317.105761,235,246,405,326,11.546064,3,22.232,43.201,441986.981754,1,440088.830867,99.921049,653.072266,192.126927,953.030645,0.479674,0.137044,0.084953,48.403,0
1049,1413393317.205760,192,250,416,337,12.860792,3,23.794,48.259,442427.899861,1,440619.276442,93.977121,607.389959,177.055320,930.201020,0.468383,0.137070,0.084951,55.829,0
1050,1413393317.305760,216,241,391,331,13.341618,4,26.786,51.437,443005.594721,1,441203.385673,79.160640,571.935471,193.394039,957.718898,0.476106,0.137092,0.084949,59.905,0
1051,1413393317.405761,225,243,397,327,10.258747,3,24.074,47.757,443597.274778,1,441836.337289,77.567825,525.831398,188.327262,969.211003,0.465911,0.137128,0.084949,53.922,0
1052,1413393317.505760,225,243,408,328,7.428431,4,27.072,33.812,444264.726496,1,442448.587769,80.210162,527.745223,203.663910,1004.519432,0.465957,0.137186,0.084951,39.474,0
1053,1413393317.605761,223,270,379,306,13.688358,3,24.198,46.686,444289.861914,1,442447.183738,82.501398,554.944378,202.331738,1002.900661,0.512549,0.137219,0.084951,52.475,0
1054,1413393317.705760,220,265,388,301,7.507042,4,27.737,34.447,444991.694547,1,443090.945672,87.978025,588.561815,204.950753,1019.258282,0.548665,0.137299,0.084954,40.228,0
1055,1413393317.805760,180,263,409,319,15.645015,3,22.373,44.318,444939.509339,1,443090.819159,93.963264,579.008527,196.413330,979.305058,0.534731,0.137339,0.084958,49.951,0
1056,1413393317.905761,207,262,432,329,8.350067,3,22.934,29.365,445440.559047,1,443715.703196,96.700771,462.058259,192.352026,973.744795,0.525484,0.137415,0.084959,34.557,0
1057,1413393318.005760,219,261,437,325,15.340300,3,24.321,53.830,445459.690525,1,443712.735248,101.858450,494.643417,191.483290,958.970120,0.545649,0.137441,0.084961,59.582,0
1058,1413393318.105761,220,258,448,335,8.576520,4,26.980,34.063,446206.728294,1,444403.057492,105.517279,515.980672,184.115597,998.057255,0.562340,0.137506,0.084966,39.531,0
1059,1413393318.205760,223,233,457,339,19.468347,3,22.810,52.145,446129.867380,1,444401.382652,106.987286,492.488722,176.599175,952.409544,0.573255,0.137531,0.084965,57.747,0
1060,1413393318.305760,238,250,450,331,12.363350,4,24.788,51.159,447049.213334,1,445053.818106,117.436984,657.515204,196.363341,1024.079698,0.564942,0.137591,0.084971,56.292,0
1061,1413393318.405761,220,260,416,311,11.005288,4,26.850,53.080,447611.571995,1,445644.316606,136.765164,632.837265,190.788334,1006.864626,0.555949,0.137628,0.084971,59.154,0
1062,1413393318.505760,204,246,435,317,9.685141,3,21.907,30.956,448098.354513,1,446198.457947,135.972954,632.298953,178.269922,953.354737,0.538344,0.137661,0.084970,36.030,0
1063,1413393318.605761,216,241,446,312,16.059865,3,21.012,40.369,447915.384785,1,446198.209705,137.410639,512.390599,168.560143,898.813698,0.500092,0.137668,0.084967,45.839,0
1064,1413393318.705760,163,208,456,326,0.000000,4,24.728,48.107,448270.663658,1,446659.035221,145.468979,498.964399,156.968995,810.226064,0.448756,0.137703,0.084964,55.617,0
1065,1413393318.805760,178,202,464,320,6.590533,5,28.048,33.818,448776.971429,1,447141.785520,152.994390,496.818280,166.447194,818.926044,0.377759,0.137736,0.084964,40.540,0
1066,1413393318.905761,207,206,494,320,11.013764,2,16.312,31.945,448522.816980,1,447139.051542,149.232136,423.160849,136.530463,674.841989,0.320845,0.137725,0.084961,36.629,0
1067,1413393319.005760,196,203,514,335,6.974443,4,22.352,27.897,449023.450767,1,447600.407166,135.272304,464.713424,139.394097,683.663775,0.287674,0.137746,0.084961,32.098,0
1068,1413393319.105761,217,199,502,338,14.954355,2,14.953,30.178,448915.740437,1,447595.837063,133.774315,419.536635,126.390638,640.201785,0.272609,0.137743,0.084959,34.769,0
1069,1413393319.205760,231,199,514,338,7.574282,5,27.103,32.639,449543.368231,1,448009.817577,151.070580,473.049222,150.218655,759.212197,0.279990,0.137803,0.084958,37.350,0
1070,1413393319.305760,170,216,533,365,0.000000,2,14.722,30.304,449350.932691,1,448005.996632,142.163180,408.831939,146.220144,647.720796,0.263117,0.137795,0.084956,34.755,0
1071,1413393319.405761,66,196,511,348,0.000000,3,20.099,42.308,449660.267343,1,448381.011808,129.961373,407.864936,154.499626,586.929600,0.261976,0.137816,0.084957,46.721,0
1072,1413393319.505760,146,197,602,393,0.000000,3,16.668,37.472,449999.943408,1,448792.503742,117.162905,388.510846,152.602707,549.163210,0.264874,0.137871,0.084957,41.664,0
1073,1413393319.605761,27,162,628,435,0.000000,3,14.965,34.933,450162.536939,1,449168.632175,111.091743,281.149806,134.699266,466.963950,0.263748,0.137907,0.084959,38.779,0
1074,1413393319.705760,97,153,663,454,0.000000,2,10.861,24.361,450365.480343,1,449507.288683,101.055895,238.938653,122.115689,396.081423,0.226690,0.137934,0.084959,29.183,0
1075,1413393319.805760,146,150,640,466,0.000000,3,11.854,23.986,450533.164605,1,449784.594983,81.769648,201.909915,114.730696,350.159363,0.246830,0.137965,0.084958,27.073,0
1076,1413393319.905761,171,149,672,456,9.328550,6,18.416,21.857,451136.079293,1,450039.421695,106.059304,395.702753,166.102846,428.792694,0.302886,0.137876,0.084952,25.001,0
1077,1413393320.005760,177,172,696,456,18.891922,3,12.926,21.543,450847.072626,1,450038.130580,103.829414,228.073971,134.583433,342.455228,0.348740,0.137864,0.084953,24.583,0
1078,1413393320.105761,174,121,673,450,12.115980,4,14.322,25.140,451203.070678,1,450271.574946,112.905087,288.138815,137.074978,393.376853,0.356065,0.137833,0.084951,28.163,0
1079,1413393320.205760,129,147,648,425,0.000000,7,16.089,21.920,451485.348476,1,450474.719658,99.567282,212.885657,147.365489,550.810391,0.348503,0.137785,0.084953,24.596,0
1080,1413393320.305760,133,124,569,329,0.000000,3,10.163,15.184,451387.965675,1,450575.609403,80.714669,241.539498,121.335180,368.766924,0.247579,0.137805,0.084957,18.188,0
1081,1413393320.405761,187,139,607,312,25.870938,3,8.815,13.058,451287.049173,1,450650.885712,77.655894,239.281769,110.077512,209.148285,0.119638,0.137837,0.084958,15.390,0
1082,1413393320.505760,202,165,537,258,26.230934,3,9.616,13.568,451822.498606,1,450695.084408,59.670940,481.846921,127.184625,458.711712,0.117161,0.137862,0.084953,16.062,0
1083,1413393320.605761,237,212,557,230,14.929432,13,27.947,31.770,451806.827020,0,450742.631798,51.229890,530.710202,132.726797,349.528333,0.149675,0.137847,0.084955,34.702,0
1084,1413393320.705760,176,225,513,191,15.105537,13,29.977,35.490,452387.952710,0,450794.552030,54.197718,550.226742,130.773744,858.202475,0.377050,0.137843,0.084954,38.441,0
1085,1413393320.805760,21,197,484,163,0.000000,4,12.895,18.765,451829.539716,1,450889.480379,49.358311,563.251495,121.326103,206.123427,0.603768,0.137849,0.084954,21.398,0
1086,1413393320.905761,28,174,451,129,0.000000,2,7.820,13.229,451449.991259,1,450951.352382,46.855379,195.115239,84.859951,171.808307,0.291149,0.137843,0.084954,15.572,0
1087,1413393321.005760,121,164,476,98,0.000000,13,22.492,27.141,451481.300891,0,451005.050818,44.413157,200.650740,21.402947,209.783230,0.064099,0.137836,0.084955,29.904,0
1088,1413393321.105761,136,155,485,74,0.000000,4,9.444,13.525,451312.608005,1,451002.735031,49.473651,152.580789,18.806215,89.012320,0.365712,0.137855,0.084946,15.569,0
1089,1413393321.205760,144,184,517,63,0.000000,7,13.544,18.051,451683.563917,1,450994.480950,85.238635,457.473755,14.175266,132.195309,0.245989,0.137843,0.084937,20.292,0
1090,1413393321.305760,183,178,536,51,45.917545,13,21.992,29.331,452052.617050,0,451024.969731,113.814940,723.838226,28.799512,161.194641,0.229222,0.137821,0.084937,31.864,0
1091,1413393321.405761,212,108,579,53,41.295814,13,22.070,29.093,451806.071289,0,451061.003156,122.318722,451.879483,5.737338,165.132590,0.078689,0.137814,0.084939,31.199,0
1092,1413393321.505760,241,152,546,43,13.667737,5,10.624,13.364,451760.293516,1,451093.118588,120.304021,337.963602,26.002059,182.905246,0.018268,0.137797,0.084940,15.194,0
1093,1413393321.605761,246,148,546,41,6.344712,7,17.818,19.203,451872.521695,1,451098.780607,118.537111,451.232658,4.228324,199.742996,0.025097,0.137796,0.084940,21.496,0
1094,1413393321.705760,242,146,560,44,6.576262,3,9.829,9.830,451635.554899,1,451099.289710,116.930299,235.389134,4.364119,179.581638,0.016951,0.137783,0.084938,11.905,0
1095,1413393321.805760,253,143,563,45,4.290556,6,14.536,14.537,451607.916289,1,451099.203024,115.286342,274.420850,4.289142,114.716931,0.006405,0.137782,0.084936,16.644,0
1096,1413393321.905761,253,143,565,43,5.713037,3,9.020,9.021,451472.906145,1,451100.140786,118.541939,225.301048,4.288399,24.633972,0.012477,0.137765,0.084933,10.967,0
1097,1413393322.005760,253,141,564,48,5.154058,6,14.260,14.261,451522.702717,1,451101.496332,119.828936,275.660805,4.360441,21.356204,0.002752,0.137753,0.084931,16.382,0
1098,1413393322.105761,254,141,566,46,5.218362,3,9.007,9.008,451471.131372,1,451101.930305,121.227057,223.378173,4.339747,20.256090,0.003286,0.137745,0.084929,11.372,0
1099,1413393322.205760,254,140,567,46,5.720345,6,14.939,14.940,451536.436351,1,451102.605473,123.052073,276.092337,4.306720,30.379748,0.001634,0.137729,0.084927,16.990,0
1100,1413393322.305760,254,138,565,44,5.623458,7,15.354,15.355,451538.714316,1,451103.318624,122.464781,290.853231,4.303878,17.773803,0.004062,0.137721,0.084927,17.306,0
1101,1413393322.405761,254,138,567,44,5.711483,2,7.331,7.332,451460.210979,1,451102.876350,125.294400,217.000466,4.337262,10.702501,0.003968,0.137713,0.084926,9.331,0
1102,1413393322.505760,256,138,568,44,5.703108,3,8.812,8.812,451465.527942,1,451103.538388,127.288499,217.037041,4.333447,13.330567,0.004008,0.137699,0.084924,10.759,0
1103,1413393322.605761,256,135,565,43,5.820295,7,15.292,15.293,451787.398444,1,451105.633899,126.608294,296.124248,4.242919,254.789084,0.002886,0.137683,0.084923,17.318,0
1104,1413393322.705760,253,135,567,50,5.821989,3,8.652,8.653,451486.444805,1,451104.847359,133.177901,222.321247,4.246354,21.851945,0.004001,0.137664,0.084922,10.855,0
1105,1413393322.805760,255,135,568,46,5.816284,3,9.795,9.796,451474.356256,1,451105.321252,135.700088,215.526625,4.332598,13.475693,0.001897,0.137651,0.084920,11.818,0
1106,1413393322.905761,256,135,568,47,5.921047,2,7.106,7.108,451480.560393,1,451105.875234,136.335317,217.695042,4.332280,16.322520,0.003005,0.137642,0.084918,8.975,0
1107,1413393323.005760,256,135,568,45,5.909021,3,8.887,8.888,451480.875240,1,451106.314271,140.212425,216.948104,4.262256,13.138184,0.001990,0.137625,0.084918,10.865,0
1108,1413393323.105761,256,135,568,47,5.872312,2,7.124,7.125,451479.940410,1,451106.422715,141.562081,217.434971,4.257811,10.262831,0.001809,0.137614,0.084918,8.962,0
1109,1413393323.205760,256,135,568,43,5.998471,3,9.137,9.138,451486.912411,1,451107.154420,144.051511,218.376538,4.268100,13.061842,0.001578,0.137600,0.084917,11.070,0
1110,1413393323.305760,255,134,566,46,6.035705,6,13.618,13.619,451510.658458,1,451107.653793,144.411164,238.968300,4.274635,15.350565,0.001638,0.137594,0.084915,15.504,0
1111,1413393323.405761,255,134,566,44,6.106247,4,10.556,10.557,451528.694463,1,451108.094727,146.253120,248.603544,4.267443,21.475629,0.003146,0.137590,0.084913,12.576,0
1112,1413393323.505760,254,127,561,45,6.071871,7,15.236,15.237,452073.533528,1,451112.321479,138.693252,486.312482,4.347429,331.858886,0.002028,0.137597,0.084918,17.119,0
1113,1413393323.605761,240,120,560,43,6.084442,6,12.941,12.942,451909.103046,1,451110.160771,142.554330,323.153955,4.339788,328.894203,0.002641,0.137596,0.084911,14.865,0
1114,1413393323.705760,251,120,574,42,6.380141,2,6.380,6.382,451477.276158,1,451109.191986,145.198528,207.933129,4.268143,10.684372,0.002006,0.137584,0.084910,8.150,0
1115,1413393323.805760,249,119,571,49,6.377261,3,8.157,8.158,451483.305754,1,451109.341703,148.392150,207.461553,4.269985,13.840364,0.002711,0.137568,0.084910,9.963,0
1116,1413393323.905761,256,118,576,46,6.423800,3,7.772,7.773,451661.844867,1,451110.228578,153.011653,208.822715,4.290580,185.491342,0.002536,0.137551,0.084909,9.519,0
1117,1413393324.005760,255,118,576,43,6.454599,3,7.935,7.936,451585.868560,1,451109.980951,156.678527,206.789537,4.839263,107.580282,0.002088,0.137530,0.084909,10.021,0
1118,1413393324.105761,255,118,577,42,6.491018,2,6.837,6.838,451491.836763,1,451110.092522,157.593372,206.567207,4.027736,13.555926,0.002438,0.137519,0.084908,8.522,0
1119,1413393324.205760,256,117,575,49,6.519323,3,7.932,7.932,451761.826202,1,451111.011652,161.523293,219.511820,4.027664,265.751772,0.002945,0.137502,0.084909,9.724,0
1120,1413393324.305760,254,116,576,42,6.495840,6,11.839,11.840,451554.559928,1,451111.449694,162.234588,256.621413,4.006458,20.247775,0.001942,0.137487,0.084910,13.593,0
1121,1413393324.405761,255,115,575,46,6.504763,8,15.053,15.054,451579.182749,1,451111.333337,164.056582,280.748700,4.003744,19.040385,0.001820,0.137478,0.084908,16.971,0
1122,1413393324.505760,252,114,574,43,6.513159,6,12.003,12.004,451573.125294,1,451111.376596,164.568112,258.690823,4.023909,34.465855,0.001872,0.137469,0.084909,13.778,0
1123,1413393324.605761,255,114,578,44,6.527511,2,6.541,6.542,451496.709196,1,451111.131987,166.296853,201.381326,4.025978,13.873052,0.003110,0.137461,0.084909,8.309,0
1124,1413393324.705760,256,112,575,46,6.535062,3,7.635,7.636,451825.114940,1,451113.268260,166.658329,219.821556,4.021966,321.344829,0.001987,0.137445,0.084910,9.310,0
1125,1413393324.805760,248,111,575,43,6.578991,2,6.296,6.298,451489.137533,1,451112.135434,167.265030,194.782590,4.070865,10.883614,0.001210,0.137439,0.084910,8.029,0
1126,1413393324.905761,256,106,575,43,6.502511,7,12.927,12.928,452320.158825,1,451115.446374,168.678396,313.075924,4.122535,718.835595,0.002400,0.137431,0.084914,14.643,0
1127,1413393325.005760,240,102,566,46,6.497002,6,11.432,11.433,451864.097006,1,451113.513975,162.032446,328.109474,4.062893,256.378218,0.000499,0.137432,0.084911,13.116,0
1128,1413393325.105761,238,96,565,44,6.711864,8,13.330,13.331,452084.679231,1,451114.804238,156.887726,379.612377,4.096361,429.278530,0.001133,0.137435,0.084910,14.961,0
1129,1413393325.205760,250,95,582,48,5.639282,6,10.717,10.718,451541.172537,1,451111.889236,158.938324,235.992845,4.086709,30.265423,0.001164,0.137436,0.084908,12.335,0
1130,1413393325.305760,248,94,580,43,5.666917,6,10.403,10.404,451497.307017,1,451112.132884,159.514882,202.427568,4.039932,19.191751,0.002773,0.137430,0.084910,11.946,0
1131,1413393325.405761,246,94,580,50,5.775830,2,5.756,5.757,451461.230208,1,451112.061695,161.903395,172.256405,4.001650,11.007062,0.001631,0.137423,0.084912,7.368,0
1132,1413393325.505760,255,93,586,47,5.814582,3,6.654,6.656,451590.689390,1,451113.235891,163.217252,181.013520,4.024832,129.197895,0.003511,0.137410,0.084915,8.167,0
1133,1413393325.605761,253,92,586,51,5.600822,7,11.938,11.939,451565.532845,1,451113.076487,162.964446,243.744479,4.010679,41.736753,0.003927,0.137398,0.084915,13.623,0
1134,1413393325.705760,253,92,589,51,5.418103,2,5.353,5.354,451463.508400,1,451112.828529,165.485647,166.916678,4.069008,14.208539,0.004164,0.137389,0.084916,6.846,0
1135,1413393325.805760,256,92,589,50,5.469931,3,6.717,6.718,451462.013674,1,451113.196475,168.265980,165.174102,4.069008,11.308110,0.002873,0.137374,0.084916,8.309,0
1136,1413393325.905761,256,91,588,49,5.497661,6,9.875,9.876,451526.204227,1,451113.921500,169.264154,217.947959,4.049526,21.021088,0.002744,0.137359,0.084917,11.362,0
1137,1413393326.005760,255,91,589,52,5.570150,3,6.878,6.880,451468.701028,1,451114.045872,171.716520,164.795941,4.001194,14.141501,0.002880,0.137344,0.084917,8.426,0
1138,1413393326.105761,256,91,589,51,5.598821,2,5.273,5.274,451470.689907,1,451114.231031,172.816797,165.410320,4.034371,14.197388,0.002589,0.137334,0.084917,6.720,0
1139,1413393326.205760,256,91,589,50,5.593072,3,6.858,6.859,451469.212229,1,451114.519476,175.251043,164.135342,4.033283,11.273085,0.002572,0.137320,0.084918,8.400,0
