frame_id,timestamp,forward_success,forward_total,ransac_rejected_temporal,ransac_rejected_stereo,stereo_candidates,stereo_success,stereo_gate_depth_rejects,stereo_gate_reproj_rejects,new_features,total_features,extraction_time_ms,matcher_time_ms,total_time_ms
0,1413393886.005760,0,0,0,0,0,0,0,0,0,0,72.807000,0.000000,73.209000
1,1413393886.055760,0,0,0,0,0,0,0,0,0,0,52.257000,0.000000,52.315000
2,1413393886.105761,0,0,0,0,0,0,0,0,0,0,51.845000,0.000000,51.899000
3,1413393886.155761,0,0,0,0,0,0,0,0,0,0,51.593000,0.000000,51.648000
4,1413393886.205760,0,0,0,0,0,0,0,0,0,0,51.626000,0.000000,51.684000
5,1413393886.255760,0,0,0,0,0,0,0,0,0,0,51.543000,0.000000,51.600000
6,1413393886.305760,0,0,0,0,0,0,0,0,0,0,50.905000,0.000000,50.966000
7,1413393886.355761,0,0,0,0,0,0,0,0,0,0,50.143000,0.000000,50.202000
8,1413393886.405761,0,0,0,0,0,0,0,0,0,0,51.363000,0.000000,51.423000
9,1413393886.455760,0,0,0,0,0,0,0,0,0,0,51.007000,0.000000,51.068000
10,1413393886.505760,0,0,0,0,0,0,0,0,0,0,50.838000,0.000000,50.898000
11,1413393886.555760,0,0,0,0,0,0,0,0,0,0,50.939000,0.000000,50.997000
12,1413393886.605761,0,0,0,0,0,0,0,0,0,0,51.222000,0.000000,51.279000
13,1413393886.655761,0,0,0,0,0,0,0,0,0,0,51.023000,0.000000,51.082000
14,1413393886.705760,0,0,0,0,0,0,0,0,0,0,52.591000,0.000000,52.647000
15,1413393886.755760,0,0,0,0,0,0,0,0,0,0,50.969000,0.000000,51.028000
16,1413393886.805760,0,0,0,0,0,0,0,0,0,0,51.729000,0.000000,51.785000
17,1413393886.855761,0,0,0,0,0,0,0,0,0,0,50.498000,0.000000,50.555000
18,1413393886.905761,0,0,0,0,0,0,0,0,0,0,50.993000,0.000000,51.051000
19,1413393886.955760,0,0,0,0,0,0,0,0,0,0,51.599000,0.000000,51.655000
20,1413393887.005760,0,0,0,0,0,0,0,0,0,0,51.497000,0.000000,51.553000
21,1413393887.055760,0,0,0,0,0,0,0,0,0,0,50.837000,0.000000,50.895000
22,1413393887.105761,0,0,0,0,0,0,0,0,0,0,51.324000,0.000000,51.384000
23,1413393887.155761,0,0,0,0,0,0,0,0,0,0,51.367000,0.000000,51.424000
24,1413393887.205760,0,0,0,0,0,0,0,0,0,0,51.742000,0.000000,51.801000
25,1413393887.255760,0,0,0,0,0,0,0,0,0,0,51.007000,0.000000,51.065000
26,1413393887.305760,0,0,0,0,0,0,0,0,0,0,51.156000,0.000000,51.215000
27,1413393887.355761,0,0,0,0,0,0,0,0,0,0,51.425000,0.000000,51.483000
28,1413393887.405761,0,0,0,0,0,0,0,0,0,0,51.113000,0.000000,51.170000
29,1413393887.455760,0,0,0,0,0,0,0,0,0,0,51.081000,0.000000,51.140000
30,1413393887.505760,0,0,0,0,0,0,0,0,0,0,52.375000,0.000000,52.434000
31,1413393887.555760,0,0,0,0,0,0,0,0,0,0,50.496000,0.000000,50.555000
32,1413393887.605761,0,0,0,0,0,0,0,0,0,0,51.034000,0.000000,51.093000
33,1413393887.655761,0,0,0,0,0,0,0,0,0,0,51.880000,0.000000,51.938000
34,1413393887.705760,0,0,0,0,0,0,0,0,0,0,52.243000,0.000000,52.302000
35,1413393887.755760,0,0,0,0,0,0,0,0,0,0,51.808000,0.000000,51.865000
36,1413393887.805760,0,0,0,0,0,0,0,0,0,0,51.308000,0.000000,51.364000
37,1413393887.855761,0,0,0,0,0,0,0,0,0,0,51.210000,0.000000,51.268000
38,1413393887.905761,0,0,0,0,0,0,0,0,0,0,51.477000,0.000000,51.536000
39,1413393887.955760,0,0,0,0,0,0,0,0,0,0,50.587000,0.000000,50.646000
40,1413393888.005760,0,0,0,0,0,0,0,0,0,0,51.169000,0.000000,51.227000
41,1413393888.055760,0,0,0,0,0,0,0,0,0,0,51.119000,0.000000,51.176000
42,1413393888.105761,0,0,0,0,0,0,0,0,0,0,51.228000,0.000000,51.287000
43,1413393888.155761,0,0,0,0,0,0,0,0,0,0,51.124000,0.000000,51.183000
44,1413393888.205760,0,0,0,0,0,0,0,0,0,0,51.348000,0.000000,51.408000
45,1413393888.255760,0,0,0,0,0,0,0,0,0,0,51.179000,0.000000,51.238000
46,1413393888.305760,0,0,0,0,0,0,0,0,0,0,50.947000,0.000000,51.004000
47,1413393888.355761,0,0,0,0,0,0,0,0,0,0,50.943000,0.000000,51.003000
48,1413393888.405761,0,0,0,0,0,0,0,0,0,0,51.374000,0.000000,51.433000
49,1413393888.455760,0,0,0,0,0,0,0,0,0,0,50.439000,0.000000,50.497000
50,1413393888.505760,0,0,0,0,0,0,0,0,0,0,50.932000,0.000000,50.990000
51,1413393888.555760,0,0,0,0,0,0,0,0,0,0,50.962000,0.000000,51.019000
52,1413393888.605761,0,0,0,0,0,0,0,0,0,0,51.335000,0.000000,51.394000
53,1413393888.655761,0,0,0,0,0,0,0,0,0,0,50.608000,0.000000,50.666000
54,1413393888.705760,0,0,0,0,0,0,0,0,0,0,50.726000,0.000000,50.782000
55,1413393888.755760,0,0,0,0,0,0,0,0,0,0,50.640000,0.000000,50.699000
56,1413393888.805760,0,0,0,0,0,0,0,0,0,0,51.949000,0.000000,52.009000
57,1413393888.855761,0,0,0,0,0,0,0,0,0,0,50.881000,0.000000,50.940000
58,1413393888.905761,0,0,0,0,0,0,0,0,0,0,51.748000,0.000000,51.821000
59,1413393888.955760,0,0,0,0,0,0,0,0,0,0,50.870000,0.000000,50.930000
60,1413393889.005760,0,0,0,0,0,0,0,0,0,0,50.965000,0.000000,51.024000
61,1413393889.055760,0,0,0,0,0,0,0,0,0,0,51.164000,0.000000,51.223000
62,1413393889.105761,0,0,0,0,0,0,0,0,0,0,51.151000,0.000000,51.206000
63,1413393889.155761,0,0,0,0,0,0,0,0,0,0,51.109000,0.000000,51.169000
64,1413393889.205760,0,0,0,0,0,0,0,0,0,0,51.444000,0.000000,51.503000
65,1413393889.255760,0,0,0,0,0,0,0,0,0,0,50.982000,0.000000,51.053000
66,1413393889.305760,0,0,0,0,0,0,0,0,0,0,50.452000,0.000000,50.510000
67,1413393889.355761,0,0,0,0,0,0,0,0,0,0,51.154000,0.000000,51.211000
68,1413393889.405761,0,0,0,0,0,0,0,0,0,0,51.162000,0.000000,51.219000
69,1413393889.455760,0,0,0,0,0,0,0,0,0,0,50.540000,0.000000,50.597000
70,1413393889.505760,0,0,0,0,0,0,0,0,0,0,50.773000,0.000000,50.832000
71,1413393889.555760,0,0,0,0,0,0,0,0,0,0,51.139000,0.000000,51.196000
72,1413393889.605761,0,0,0,0,0,0,0,0,0,0,50.995000,0.000000,51.055000
73,1413393889.655761,0,0,0,0,0,0,0,0,0,0,50.620000,0.000000,50.680000
74,1413393889.705760,0,0,0,0,0,0,0,0,0,0,51.103000,0.000000,51.162000
75,1413393889.755760,0,0,0,0,0,0,0,0,0,0,51.016000,0.000000,51.073000
76,1413393889.805760,0,0,0,0,0,0,0,0,0,0,50.094000,0.000000,50.152000
77,1413393889.855761,0,0,0,0,0,0,0,0,0,0,50.418000,0.000000,50.478000
78,1413393889.905761,0,0,0,0,0,0,0,0,0,0,50.703000,0.000000,50.761000
79,1413393889.955760,0,0,0,0,0,0,0,0,0,0,50.937000,0.000000,50.995000
80,1413393890.005760,0,0,0,0,0,0,0,0,0,0,50.259000,0.000000,50.319000
81,1413393890.055760,0,0,0,0,0,0,0,0,0,0,51.246000,0.000000,51.303000
82,1413393890.105761,0,0,0,0,0,0,0,0,0,0,50.678000,0.000000,50.733000
83,1413393890.155761,0,0,0,0,0,0,0,0,0,0,50.513000,0.000000,50.572000
84,1413393890.205760,0,0,0,0,0,0,0,0,0,0,50.349000,0.000000,50.410000
85,1413393890.255760,0,0,0,0,0,0,0,0,0,0,50.291000,0.000000,50.352000
86,1413393890.305760,0,0,0,0,0,0,0,0,0,0,50.513000,0.000000,50.570000
87,1413393890.355761,0,0,0,0,0,0,0,0,0,0,50.765000,0.000000,50.823000
88,1413393890.405761,0,0,0,0,0,0,0,0,0,0,51.103000,0.000000,51.160000
89,1413393890.455760,0,0,0,0,0,0,0,0,0,0,50.843000,0.000000,50.900000
90,1413393890.505760,0,0,0,0,0,0,0,0,0,0,51.145000,0.000000,51.202000
91,1413393890.555760,0,0,0,0,0,0,0,0,0,0,50.898000,0.000000,50.956000
92,1413393890.605761,0,0,0,0,0,0,0,0,0,0,51.104000,0.000000,51.164000
93,1413393890.655761,0,0,0,0,0,0,0,0,0,0,50.477000,0.000000,50.536000
94,1413393890.705760,0,0,0,0,0,0,0,0,0,0,51.232000,0.000000,51.293000
95,1413393890.755760,0,0,0,0,0,0,0,0,0,0,50.426000,0.000000,50.486000
96,1413393890.805760,0,0,0,0,0,0,0,0,0,0,50.393000,0.000000,50.451000
97,1413393890.855761,0,0,0,0,0,0,0,0,0,0,50.963000,0.000000,51.022000
98,1413393890.905761,0,0,0,0,0,0,0,0,0,0,50.430000,0.000000,50.488000
99,1413393890.955760,0,0,0,0,0,0,0,0,0,0,50.411000,0.000000,50.469000
100,1413393891.005760,0,0,0,0,0,0,0,0,0,0,51.045000,0.000000,51.102000
101,1413393891.055760,0,0,0,0,0,0,0,0,0,0,50.853000,0.000000,50.913000
102,1413393891.105761,0,0,0,0,0,0,0,0,0,0,50.873000,0.000000,50.931000
103,1413393891.155761,0,0,0,0,0,0,0,0,0,0,51.227000,0.000000,51.287000
104,1413393891.205760,0,0,0,0,0,0,0,0,0,0,51.036000,0.000000,51.094000
105,1413393891.255760,0,0,0,0,0,0,0,0,0,0,51.006000,0.000000,51.064000
106,1413393891.305760,0,0,0,0,0,0,0,0,0,0,51.166000,0.000000,51.227000
107,1413393891.355761,0,0,0,0,0,0,0,0,0,0,50.134000,0.000000,50.192000
108,1413393891.405761,0,0,0,0,0,0,0,0,0,0,50.427000,0.000000,50.483000
109,1413393891.455760,0,0,0,0,0,0,0,0,0,0,50.497000,0.000000,50.555000
110,1413393891.505760,0,0,0,0,0,0,0,0,0,0,50.517000,0.000000,50.574000
111,1413393891.555760,0,0,0,0,0,0,0,0,0,0,50.687000,0.000000,50.745000
112,1413393891.605761,0,0,0,0,0,0,0,0,0,0,50.721000,0.000000,50.778000
113,1413393891.655761,0,0,0,0,0,0,0,0,0,0,51.987000,0.000000,52.045000
114,1413393891.705760,0,0,0,0,0,0,0,0,0,0,51.415000,0.000000,51.472000
115,1413393891.755760,0,0,0,0,0,0,0,0,0,0,51.118000,0.000000,51.177000
116,1413393891.805760,0,0,0,0,0,0,0,0,0,0,51.207000,0.000000,51.263000
117,1413393891.855761,0,0,0,0,0,0,0,0,0,0,51.366000,0.000000,51.424000
118,1413393891.905761,0,0,0,0,0,0,0,0,0,0,51.313000,0.000000,51.370000
119,1413393891.955760,0,0,0,0,0,0,0,0,0,0,50.329000,0.000000,50.387000
120,1413393892.005760,0,0,0,0,0,0,0,0,0,0,51.009000,0.000000,51.065000
121,1413393892.055760,0,0,0,0,0,0,0,0,0,0,50.530000,0.000000,50.587000
122,1413393892.105761,0,0,0,0,0,0,0,0,0,0,50.967000,0.000000,51.025000
123,1413393892.155761,0,0,0,0,0,0,0,0,0,0,50.407000,0.000000,50.464000
124,1413393892.205760,0,0,0,0,0,0,0,0,0,0,51.203000,0.000000,51.262000
125,1413393892.255760,0,0,0,0,0,0,0,0,0,0,50.430000,0.000000,50.491000
126,1413393892.305760,0,0,0,0,0,0,0,0,0,0,50.698000,0.000000,50.756000
127,1413393892.355761,0,0,0,0,0,0,0,0,0,0,50.875000,0.000000,50.933000
128,1413393892.405761,0,0,0,0,0,0,0,0,0,0,50.901000,0.000000,50.961000
129,1413393892.455760,0,0,0,0,0,0,0,0,0,0,51.347000,0.000000,51.405000
130,1413393892.505760,0,0,0,0,0,0,0,0,0,0,51.074000,0.000000,51.131000
131,1413393892.555760,0,0,0,0,0,0,0,0,0,0,51.045000,0.000000,51.104000
132,1413393892.605761,0,0,0,0,0,0,0,0,0,0,50.897000,0.000000,50.953000
133,1413393892.655761,0,0,0,0,0,0,0,0,0,0,50.768000,0.000000,50.828000
134,1413393892.705760,0,0,0,0,0,0,0,0,0,0,50.437000,0.000000,50.495000
135,1413393892.755760,0,0,0,0,0,0,0,0,0,0,52.122000,0.000000,52.178000
136,1413393892.805760,0,0,0,0,0,0,0,0,0,0,51.303000,0.000000,51.362000
137,1413393892.855761,0,0,0,0,0,0,0,0,0,0,51.009000,0.000000,51.068000
138,1413393892.905761,0,0,0,0,0,0,0,0,0,0,51.681000,0.000000,51.739000
139,1413393892.955760,0,0,0,0,0,0,0,0,0,0,52.451000,0.000000,52.509000
140,1413393893.005760,0,0,0,0,0,0,0,0,0,0,51.934000,0.000000,51.992000
141,1413393893.055760,0,0,0,0,0,0,0,0,0,0,51.867000,0.000000,51.925000
142,1413393893.105761,0,0,0,0,0,0,0,0,0,0,51.793000,0.000000,51.852000
143,1413393893.155761,0,0,0,0,0,0,0,0,0,0,52.584000,0.000000,52.642000
144,1413393893.205760,0,0,0,0,0,0,0,0,0,0,52.013000,0.000000,52.072000
145,1413393893.255760,0,0,0,0,0,0,0,0,0,0,51.707000,0.000000,51.764000
146,1413393893.305760,0,0,0,0,0,0,0,0,0,0,52.148000,0.000000,52.205000
147,1413393893.355761,0,0,0,0,0,0,0,0,0,0,52.019000,0.000000,52.080000
148,1413393893.405761,0,0,0,0,0,0,0,0,0,0,51.683000,0.000000,51.742000
149,1413393893.455760,0,0,0,0,0,0,0,0,0,0,51.867000,0.000000,51.926000
150,1413393893.505760,0,0,0,0,0,0,0,0,0,0,52.650000,0.000000,52.707000
151,1413393893.555760,0,0,0,0,0,0,0,0,0,0,51.526000,0.000000,51.583000
152,1413393893.605761,0,0,0,0,0,0,0,0,0,0,51.437000,0.000000,51.496000
153,1413393893.655761,0,0,0,0,0,0,0,0,0,0,51.211000,0.000000,51.269000
154,1413393893.705760,0,0,0,0,0,0,0,0,0,0,52.332000,0.000000,52.391000
155,1413393893.755760,0,0,0,0,0,0,0,0,0,0,51.036000,0.000000,51.094000
156,1413393893.805760,0,0,0,0,0,0,0,0,0,0,51.572000,0.000000,51.631000
157,1413393893.855761,0,0,0,0,0,0,0,0,0,0,50.851000,0.000000,50.909000
158,1413393893.905761,0,0,0,0,0,0,0,0,0,0,52.333000,0.000000,52.389000
159,1413393893.955760,0,0,0,0,0,0,0,0,0,0,51.199000,0.000000,51.257000
160,1413393894.005760,0,0,0,0,0,0,0,0,0,0,51.252000,0.000000,51.311000
161,1413393894.055760,0,0,0,0,0,0,0,0,0,0,51.866000,0.000000,51.923000
162,1413393894.105761,0,0,0,0,0,0,0,0,0,0,51.738000,0.000000,51.796000
163,1413393894.155761,0,0,0,0,0,0,0,0,0,0,51.298000,0.000000,51.357000
164,1413393894.205760,0,0,0,0,0,0,0,0,0,0,51.293000,0.000000,51.353000
165,1413393894.255760,0,0,0,0,0,0,0,0,0,0,50.664000,0.000000,50.722000
166,1413393894.305760,0,0,0,0,0,0,0,0,0,0,51.317000,0.000000,51.375000
167,1413393894.355761,0,0,0,0,0,0,0,0,0,0,51.127000,0.000000,51.186000
168,1413393894.405761,0,0,0,0,0,0,0,0,0,0,50.986000,0.000000,51.044000
169,1413393894.455760,0,0,0,0,0,0,0,0,0,0,51.094000,0.000000,51.154000
170,1413393894.505760,0,0,0,0,0,0,0,0,0,0,51.342000,0.000000,51.402000
171,1413393894.555760,0,0,0,0,0,0,0,0,0,0,51.545000,0.000000,51.602000
172,1413393894.605761,0,0,0,0,0,0,0,0,0,0,51.235000,0.000000,51.295000
173,1413393894.655761,0,0,0,0,0,0,0,0,0,0,51.725000,0.000000,51.784000
174,1413393894.705760,0,0,0,0,0,0,0,0,0,0,51.161000,0.000000,51.220000
175,1413393894.755760,0,0,0,0,0,0,0,0,0,0,51.054000,0.000000,51.112000
176,1413393894.805760,0,0,0,0,0,0,0,0,0,0,50.515000,0.000000,50.572000
177,1413393894.855761,0,0,0,0,0,0,0,0,0,0,50.810000,0.000000,50.870000
178,1413393894.905761,0,0,0,0,0,0,0,0,0,0,50.888000,0.000000,50.948000
179,1413393894.955760,0,0,0,0,0,0,0,0,0,0,50.762000,0.000000,50.819000
180,1413393895.005760,0,0,0,0,0,0,0,0,0,0,50.769000,0.000000,50.827000
181,1413393895.055760,0,0,0,0,0,0,0,0,0,0,51.261000,0.000000,51.321000
182,1413393895.105761,0,0,0,0,0,0,0,0,0,0,51.024000,0.000000,51.083000
183,1413393895.155761,0,0,0,0,0,0,0,0,0,0,50.889000,0.000000,50.947000
184,1413393895.205760,0,0,0,0,0,0,0,0,0,0,51.125000,0.000000,51.183000
185,1413393895.255760,0,0,0,0,0,0,0,0,0,0,50.711000,0.000000,50.767000
186,1413393895.305760,0,0,0,0,0,0,0,0,0,0,52.054000,0.000000,52.111000
187,1413393895.355761,0,0,0,0,0,0,0,0,0,0,50.906000,0.000000,50.963000
188,1413393895.405761,0,0,0,0,0,0,0,0,0,0,51.345000,0.000000,51.403000
189,1413393895.455760,0,0,0,0,0,0,0,0,0,0,51.689000,0.000000,51.747000
190,1413393895.505760,0,0,0,0,0,0,0,0,0,0,51.100000,0.000000,51.158000
191,1413393895.555760,0,0,0,0,0,0,0,0,0,0,51.272000,0.000000,51.331000
192,1413393895.605761,0,0,0,0,0,0,0,0,0,0,51.592000,0.000000,51.648000
193,1413393895.655761,0,0,0,0,0,0,0,0,0,0,51.301000,0.000000,51.360000
194,1413393895.705760,0,0,0,0,0,0,0,0,0,0,51.044000,0.000000,51.102000
195,1413393895.755760,0,0,0,0,0,0,0,0,0,0,51.021000,0.000000,51.078000
196,1413393895.805760,0,0,0,0,0,0,0,0,0,0,50.921000,0.000000,50.978000
197,1413393895.855761,0,0,0,0,0,0,0,0,0,0,50.661000,0.000000,50.718000
198,1413393895.905761,0,0,0,0,0,0,0,0,0,0,50.913000,0.000000,50.973000
199,1413393895.955760,0,0,0,0,0,0,0,0,0,0,50.515000,0.000000,50.573000
200,1413393896.005760,0,0,0,0,0,0,0,0,0,0,50.562000,0.000000,50.618000
201,1413393896.055760,0,0,0,0,0,0,0,0,0,0,49.897000,0.000000,49.955000
202,1413393896.105761,0,0,0,0,0,0,0,0,0,0,50.363000,0.000000,50.420000
203,1413393896.155761,0,0,0,0,0,0,0,0,0,0,50.951000,0.000000,51.009000
204,1413393896.205760,0,0,0,0,0,0,0,0,0,0,50.032000,0.000000,50.090000
205,1413393896.255760,0,0,0,0,0,0,0,0,0,0,50.833000,0.000000,50.891000
206,1413393896.305760,0,0,0,0,0,0,0,0,0,0,50.465000,0.000000,50.521000
207,1413393896.355761,0,0,0,0,0,0,0,0,0,0,50.098000,0.000000,50.155000
208,1413393896.405761,0,0,0,0,0,0,0,0,0,0,50.110000,0.000000,50.166000
209,1413393896.455760,0,0,0,0,0,0,0,0,0,0,51.274000,0.000000,51.334000
210,1413393896.505760,0,0,0,0,0,0,0,0,0,0,50.973000,0.000000,51.031000
211,1413393896.555760,0,0,0,0,0,0,0,0,0,0,50.231000,0.000000,50.288000
212,1413393896.605761,0,0,0,0,0,0,0,0,0,0,51.074000,0.000000,51.130000
213,1413393896.655761,0,0,0,0,0,0,0,0,0,0,50.338000,0.000000,50.394000
214,1413393896.705760,0,0,0,0,0,0,0,0,0,0,50.671000,0.000000,50.727000
215,1413393896.755760,0,0,0,0,0,0,0,0,0,0,50.892000,0.000000,50.950000
216,1413393896.805760,0,0,0,0,0,0,0,0,0,0,50.973000,0.000000,51.030000
217,1413393896.855761,0,0,0,0,0,0,0,0,0,0,51.010000,0.000000,51.067000
218,1413393896.905761,0,0,0,0,0,0,0,0,0,0,51.107000,0.000000,51.164000
219,1413393896.955760,0,0,0,0,0,0,0,0,0,0,50.556000,0.000000,50.614000
220,1413393897.005760,0,0,0,0,0,0,0,0,0,0,50.905000,0.000000,50.960000
221,1413393897.055760,0,0,0,0,0,0,0,0,0,0,50.854000,0.000000,50.912000
222,1413393897.105761,0,0,0,0,0,0,0,0,0,0,50.553000,0.000000,50.611000
223,1413393897.155761,0,0,0,0,0,0,0,0,0,0,50.521000,0.000000,50.578000
224,1413393897.205760,0,0,0,0,0,0,0,0,0,0,50.310000,0.000000,50.368000
225,1413393897.255760,0,0,0,0,0,0,0,0,0,0,50.537000,0.000000,50.595000
226,1413393897.305760,0,0,0,0,0,0,0,0,0,0,50.432000,0.000000,50.488000
227,1413393897.355761,0,0,0,0,0,0,0,0,0,0,50.648000,0.000000,50.706000
228,1413393897.405761,0,0,0,0,0,0,0,0,0,0,51.501000,0.000000,51.561000
229,1413393897.455760,0,0,0,0,0,0,0,0,0,0,50.691000,0.000000,50.747000
230,1413393897.505760,0,0,0,0,0,0,0,0,0,0,51.015000,0.000000,51.072000
231,1413393897.555760,0,0,0,0,0,0,0,0,0,0,51.189000,0.000000,51.245000
232,1413393897.605761,0,0,0,0,0,0,0,0,0,0,50.684000,0.000000,50.741000
233,1413393897.655761,0,0,0,0,0,0,0,0,0,0,50.609000,0.000000,50.667000
234,1413393897.705760,0,0,0,0,0,0,0,0,0,0,51.164000,0.000000,51.222000
235,1413393897.755760,0,0,0,0,0,0,0,0,0,0,51.624000,0.000000,51.681000
236,1413393897.805760,0,0,0,0,0,0,0,0,0,0,50.825000,0.000000,50.883000
237,1413393897.855761,0,0,0,0,0,0,0,0,0,0,50.383000,0.000000,50.441000
238,1413393897.905761,0,0,0,0,0,0,0,0,0,0,58.440000,0.000000,58.499000
239,1413393897.955760,0,0,0,0,0,0,0,0,0,0,59.092000,0.000000,59.158000
240,1413393898.005760,0,0,0,0,0,0,0,0,0,0,50.995000,0.000000,51.054000
241,1413393898.055760,0,0,0,0,0,0,0,0,0,0,50.533000,0.000000,50.591000
242,1413393898.105761,0,0,0,0,0,0,0,0,0,0,51.281000,0.000000,51.339000
243,1413393898.155761,0,0,0,0,0,0,0,0,0,0,50.086000,0.000000,50.144000
244,1413393898.205760,0,0,0,0,0,0,0,0,0,0,50.541000,0.000000,50.598000
245,1413393898.255760,0,0,0,0,0,0,0,0,0,0,50.772000,0.000000,50.829000
246,1413393898.305760,0,0,0,0,0,0,0,0,0,0,50.750000,0.000000,50.807000
247,1413393898.355761,0,0,0,0,0,0,0,0,0,0,50.081000,0.000000,50.139000
248,1413393898.405761,0,0,0,0,0,0,0,0,0,0,50.567000,0.000000,50.623000
249,1413393898.455760,0,0,0,0,0,0,0,0,0,0,50.732000,0.000000,50.788000
250,1413393898.505760,0,0,0,0,0,0,0,0,0,0,50.393000,0.000000,50.449000
251,1413393898.555760,0,0,0,0,0,0,0,0,0,0,50.470000,0.000000,50.528000
252,1413393898.605761,0,0,0,0,0,0,0,0,0,0,50.185000,0.000000,50.242000
253,1413393898.655761,0,0,0,0,0,0,0,0,0,0,49.721000,0.000000,49.777000
254,1413393898.705760,0,0,0,0,0,0,0,0,0,0,49.973000,0.000000,50.029000
255,1413393898.755760,0,0,0,0,0,0,0,0,0,0,49.881000,0.000000,49.939000
256,1413393898.805760,0,0,0,0,0,0,0,0,0,0,49.740000,0.000000,49.796000
257,1413393898.855761,0,0,0,0,0,0,0,0,0,0,49.810000,0.000000,49.869000
258,1413393898.905761,0,0,0,0,0,0,0,0,0,0,50.772000,0.000000,50.829000
259,1413393898.955760,0,0,0,0,0,0,0,0,0,0,51.210000,0.000000,51.267000
260,1413393899.005760,0,0,0,0,0,0,0,0,0,0,51.799000,0.000000,51.857000
261,1413393899.055760,0,0,0,0,0,0,0,0,0,0,51.136000,0.000000,51.196000
262,1413393899.105761,0,0,0,0,0,0,0,0,0,0,51.193000,0.000000,51.249000
263,1413393899.155761,0,0,0,0,0,0,0,0,0,0,50.914000,0.000000,50.972000
264,1413393899.205760,0,0,0,0,0,0,0,0,0,0,49.866000,0.000000,49.923000
265,1413393899.255760,0,0,0,0,0,0,0,0,0,0,50.391000,0.000000,50.447000
266,1413393899.305760,0,0,0,0,0,0,0,0,0,0,50.157000,0.000000,50.212000
267,1413393899.355761,0,0,0,0,0,0,0,0,0,0,50.353000,0.000000,50.408000
268,1413393899.405761,0,0,0,0,0,0,0,0,0,0,49.902000,0.000000,49.958000
269,1413393899.455760,0,0,0,0,0,0,0,0,0,0,50.991000,0.000000,51.048000
270,1413393899.505760,0,0,0,0,0,0,0,0,0,0,50.431000,0.000000,50.489000
271,1413393899.555760,0,0,0,0,0,0,0,0,0,0,50.867000,0.000000,50.926000
272,1413393899.605761,0,0,0,0,0,0,0,0,0,0,50.179000,0.000000,50.236000
273,1413393899.655761,0,0,0,0,0,0,0,0,0,0,50.319000,0.000000,50.377000
274,1413393899.705760,0,0,0,0,0,0,0,0,0,0,50.153000,0.000000,50.207000
275,1413393899.755760,0,0,0,0,0,0,0,0,0,0,50.443000,0.000000,50.513000
276,1413393899.805760,0,0,0,0,0,0,0,0,0,0,49.972000,0.000000,50.029000
277,1413393899.855761,0,0,0,0,0,0,0,0,0,0,50.389000,0.000000,50.447000
278,1413393899.905761,0,0,0,0,0,0,0,0,0,0,50.217000,0.000000,50.271000
279,1413393899.955760,0,0,0,0,0,0,0,0,0,0,49.486000,0.000000,49.543000
280,1413393900.005760,0,0,0,0,0,0,0,0,0,0,50.118000,0.000000,50.172000
281,1413393900.055760,0,0,0,0,0,0,0,0,0,0,50.174000,0.000000,50.233000
282,1413393900.105761,0,0,0,0,0,0,0,0,0,0,51.273000,0.000000,51.331000
283,1413393900.155761,0,0,0,0,0,0,0,0,0,0,51.181000,0.000000,51.238000
284,1413393900.205760,0,0,0,0,0,0,0,0,0,0,50.995000,0.000000,51.053000
285,1413393900.255760,0,0,0,0,0,0,0,0,0,0,51.406000,0.000000,51.464000
286,1413393900.305760,0,0,0,0,0,0,0,0,0,0,51.059000,0.000000,51.116000
287,1413393900.355761,0,0,0,0,0,0,0,0,0,0,50.814000,0.000000,50.871000
288,1413393900.405761,0,0,0,0,0,0,0,0,0,0,50.317000,0.000000,50.375000
289,1413393900.455760,0,0,0,0,0,0,0,0,0,0,50.946000,0.000000,51.006000
290,1413393900.505760,0,0,0,0,0,0,0,0,0,0,50.436000,0.000000,50.494000
291,1413393900.555760,0,0,0,0,0,0,0,0,0,0,50.868000,0.000000,50.926000
292,1413393900.605761,0,0,0,0,0,0,0,0,0,0,50.508000,0.000000,50.566000
293,1413393900.655761,0,0,0,0,0,0,0,0,0,0,50.352000,0.000000,50.411000
294,1413393900.705760,0,0,0,0,0,0,0,0,0,0,51.087000,0.000000,51.143000
295,1413393900.755760,0,0,0,0,0,0,0,0,0,0,50.860000,0.000000,50.917000
296,1413393900.805760,0,0,0,0,0,0,0,0,0,0,50.891000,0.000000,50.948000
297,1413393900.855761,0,0,0,0,0,0,0,0,0,0,50.963000,0.000000,51.020000
298,1413393900.905761,0,0,0,0,0,0,0,0,0,0,50.963000,0.000000,51.023000
299,1413393900.955760,0,0,0,0,0,0,0,0,0,0,50.139000,0.000000,50.198000
300,1413393901.005760,0,0,0,0,0,0,0,0,0,0,50.473000,0.000000,50.531000
301,1413393901.055760,0,0,0,0,0,0,0,0,0,0,50.267000,0.000000,50.325000
302,1413393901.105761,0,0,0,0,0,0,0,0,0,0,50.032000,0.000000,50.090000
303,1413393901.155761,0,0,0,0,0,0,0,0,0,0,51.247000,0.000000,51.303000
304,1413393901.205760,0,0,0,0,0,0,0,0,0,0,50.387000,0.000000,50.443000
305,1413393901.255760,0,0,0,0,0,0,0,0,0,0,50.551000,0.000000,50.608000
306,1413393901.305760,0,0,0,0,0,0,0,0,0,0,50.879000,0.000000,50.938000
307,1413393901.355761,0,0,0,0,0,0,0,0,0,0,51.245000,0.000000,51.302000
308,1413393901.405761,0,0,0,0,0,0,0,0,0,0,50.434000,0.000000,50.493000
309,1413393901.455760,0,0,0,0,0,0,0,0,0,0,51.742000,0.000000,51.799000
310,1413393901.505760,0,0,0,0,0,0,0,0,0,0,50.979000,0.000000,51.037000
311,1413393901.555760,0,0,0,0,0,0,0,0,0,0,50.944000,0.000000,51.003000
312,1413393901.605761,0,0,0,0,0,0,0,0,0,0,50.633000,0.000000,50.690000
313,1413393901.655761,0,0,0,0,0,0,0,0,0,0,51.140000,0.000000,51.198000
314,1413393901.705760,0,0,0,0,0,0,0,0,0,0,50.454000,0.000000,50.512000
315,1413393901.755760,0,0,0,0,0,0,0,0,0,0,51.209000,0.000000,51.265000
316,1413393901.805760,0,0,0,0,0,0,0,0,0,0,50.650000,0.000000,50.710000
317,1413393901.855761,0,0,0,0,0,0,0,0,0,0,51.238000,0.000000,51.295000
318,1413393901.905761,0,0,0,0,0,0,0,0,0,0,51.973000,0.000000,52.032000
319,1413393901.955760,0,0,0,0,0,0,0,0,0,0,50.865000,0.000000,50.922000
320,1413393902.005760,0,0,0,0,0,0,0,0,0,0,51.090000,0.000000,51.150000
321,1413393902.055760,0,0,0,0,0,0,0,0,0,0,50.555000,0.000000,50.613000
322,1413393902.105761,0,0,0,0,0,0,0,0,0,0,51.074000,0.000000,51.130000
323,1413393902.155761,0,0,0,0,0,0,0,0,0,0,51.493000,0.000000,51.550000
324,1413393902.205760,0,0,0,0,0,0,0,0,0,0,51.089000,0.000000,51.146000
325,1413393902.255760,0,0,0,0,0,0,0,0,0,0,50.399000,0.000000,50.457000
326,1413393902.305760,0,0,0,0,0,0,0,0,0,0,50.486000,0.000000,50.542000
327,1413393902.355761,0,0,0,0,0,0,0,0,0,0,51.239000,0.000000,51.298000
328,1413393902.405761,0,0,0,0,0,0,0,0,0,0,50.398000,0.000000,50.455000
329,1413393902.455760,0,0,0,0,0,0,0,0,0,0,50.373000,0.000000,50.431000
330,1413393902.505760,0,0,0,0,0,0,0,0,0,0,51.125000,0.000000,51.184000
331,1413393902.555760,0,0,0,0,0,0,0,0,0,0,51.960000,0.000000,52.016000
332,1413393902.605761,0,0,0,0,0,0,0,0,0,0,50.342000,0.000000,50.399000
333,1413393902.655761,0,0,0,0,0,0,0,0,0,0,50.972000,0.000000,51.027000
334,1413393902.705760,0,0,0,0,0,0,0,0,0,0,50.886000,0.000000,50.942000
335,1413393902.755760,0,0,0,0,0,0,0,0,0,0,51.024000,0.000000,51.079000
336,1413393902.805760,0,0,0,0,0,0,0,0,0,0,50.496000,0.000000,50.551000
337,1413393902.855761,0,0,0,0,0,0,0,0,0,0,50.499000,0.000000,50.554000
338,1413393902.905761,0,0,0,0,0,0,0,0,0,0,51.157000,0.000000,51.216000
339,1413393902.955760,0,0,0,0,0,0,0,0,0,0,50.523000,0.000000,50.582000
340,1413393903.005760,0,0,0,0,0,0,0,0,0,0,50.670000,0.000000,50.728000
341,1413393903.055760,0,0,0,0,0,0,0,0,0,0,50.891000,0.000000,50.951000
342,1413393903.105761,0,0,0,0,0,0,0,0,0,0,50.603000,0.000000,50.660000
343,1413393903.155761,0,0,0,0,0,0,0,0,0,0,51.046000,0.000000,51.103000
344,1413393903.205760,0,0,0,0,0,0,0,0,0,0,51.131000,0.000000,51.189000
345,1413393903.255760,0,0,0,0,0,0,0,0,0,0,50.658000,0.000000,50.715000
346,1413393903.305760,0,0,0,0,0,0,0,0,0,0,50.522000,0.000000,50.595000
347,1413393903.355761,0,0,0,0,0,0,0,0,0,0,51.089000,0.000000,51.147000
348,1413393903.405761,0,0,0,0,0,0,0,0,0,0,51.174000,0.000000,51.230000
349,1413393903.455760,0,0,0,0,0,0,0,0,0,0,50.439000,0.000000,50.497000
350,1413393903.505760,0,0,0,0,0,0,0,0,0,0,50.577000,0.000000,50.648000
351,1413393903.555760,0,0,0,0,0,0,0,0,0,0,50.401000,0.000000,50.458000
352,1413393903.605761,0,0,0,0,0,0,0,0,0,0,50.515000,0.000000,50.574000
353,1413393903.655761,0,0,0,0,0,0,0,0,0,0,51.338000,0.000000,51.394000
354,1413393903.705760,0,0,0,0,0,0,0,0,0,0,51.036000,0.000000,51.094000
355,1413393903.755760,0,0,0,0,0,0,0,0,0,0,50.984000,0.000000,51.040000
356,1413393903.805760,0,0,0,0,0,0,0,0,0,0,51.162000,0.000000,51.219000
357,1413393903.855761,0,0,0,0,0,0,0,0,0,0,50.939000,0.000000,50.999000
358,1413393903.905761,0,0,0,0,0,0,0,0,0,0,50.940000,0.000000,50.999000
359,1413393903.955760,0,0,0,0,0,0,0,0,0,0,51.541000,0.000000,51.601000
360,1413393904.005760,0,0,0,0,0,0,0,0,0,0,51.631000,0.000000,51.689000
361,1413393904.055760,0,0,0,0,0,0,0,0,0,0,51.230000,0.000000,51.287000
362,1413393904.105761,0,0,0,0,0,0,0,0,0,0,51.546000,0.000000,51.607000
363,1413393904.155761,0,0,0,0,0,0,0,0,0,0,51.131000,0.000000,51.190000
364,1413393904.205760,0,0,0,0,0,0,0,0,0,0,50.926000,0.000000,50.983000
365,1413393904.255760,0,0,0,0,0,0,0,0,0,0,51.305000,0.000000,51.361000
366,1413393904.305760,0,0,0,0,0,0,0,0,0,0,50.815000,0.000000,50.871000
367,1413393904.355761,0,0,0,0,0,0,0,0,0,0,50.721000,0.000000,50.780000
368,1413393904.405761,0,0,0,0,0,0,0,0,0,0,50.919000,0.000000,50.976000
369,1413393904.455760,0,0,0,0,0,0,0,0,0,0,50.916000,0.000000,50.973000
370,1413393904.505760,0,0,0,0,0,0,0,0,0,0,51.293000,0.000000,51.351000
371,1413393904.555760,0,0,0,0,0,0,0,0,0,0,51.057000,0.000000,51.114000
372,1413393904.605761,0,0,0,0,0,0,0,0,0,0,50.582000,0.000000,50.642000
373,1413393904.655761,0,0,0,0,0,0,0,0,0,0,51.728000,0.000000,51.788000
374,1413393904.705760,0,0,0,0,0,0,0,0,0,0,51.286000,0.000000,51.344000
375,1413393904.755760,0,0,0,0,0,0,0,0,0,0,51.254000,0.000000,51.312000
376,1413393904.805760,0,0,0,0,0,0,0,0,0,0,51.417000,0.000000,51.474000
377,1413393904.855761,0,0,0,0,0,0,0,0,0,0,51.582000,0.000000,51.639000
378,1413393904.905761,0,0,0,0,0,0,0,0,0,0,51.391000,0.000000,51.461000
379,1413393904.955760,0,0,0,0,0,0,0,0,0,0,50.843000,0.000000,50.900000
380,1413393905.005760,0,0,0,0,0,0,0,0,0,0,50.701000,0.000000,50.760000
381,1413393905.055760,0,0,0,0,0,0,0,0,0,0,50.984000,0.000000,51.044000
382,1413393905.105761,0,0,0,0,0,0,0,0,0,0,50.639000,0.000000,50.696000
383,1413393905.155761,0,0,0,0,0,0,0,0,0,0,51.533000,0.000000,51.592000
384,1413393905.205760,0,0,0,0,0,0,0,0,0,0,50.851000,0.000000,50.910000
385,1413393905.255760,0,0,0,0,0,0,0,0,0,0,51.733000,0.000000,51.791000
386,1413393905.305760,0,0,0,0,0,0,0,0,0,0,51.705000,0.000000,51.762000
387,1413393905.355761,0,0,0,0,0,0,0,0,0,0,50.774000,0.000000,50.832000
388,1413393905.405761,0,0,0,0,0,0,0,0,0,0,51.521000,0.000000,51.578000
389,1413393905.455760,0,0,0,0,0,0,0,0,0,0,50.480000,0.000000,50.537000
390,1413393905.505760,0,0,0,0,0,0,0,0,0,0,50.841000,0.000000,50.899000
391,1413393905.555760,0,0,0,0,0,0,0,0,0,0,51.350000,0.000000,51.408000
392,1413393905.605761,0,0,0,0,0,0,0,0,0,0,50.977000,0.000000,51.034000
393,1413393905.655761,0,0,0,0,0,0,0,0,0,0,50.631000,0.000000,50.688000
394,1413393905.705760,0,0,0,0,0,0,0,0,0,0,50.560000,0.000000,50.619000
395,1413393905.755760,0,0,0,0,0,0,0,0,0,0,51.783000,0.000000,51.841000
396,1413393905.805760,0,0,0,0,0,0,0,0,0,0,50.888000,0.000000,50.948000
397,1413393905.855761,0,0,0,0,0,0,0,0,0,0,51.534000,0.000000,51.591000
398,1413393905.905761,0,0,0,0,0,0,0,0,0,0,50.586000,0.000000,50.643000
399,1413393905.955760,0,0,0,0,0,0,0,0,0,0,51.576000,0.000000,51.632000
400,1413393906.005760,0,0,0,0,0,0,0,0,0,0,51.514000,0.000000,51.570000
401,1413393906.055760,0,0,0,0,0,0,0,0,0,0,50.977000,0.000000,51.034000
402,1413393906.105761,0,0,0,0,0,0,0,0,0,0,50.774000,0.000000,50.830000
403,1413393906.155761,0,0,0,0,0,0,0,0,0,0,51.249000,0.000000,51.307000
404,1413393906.205760,0,0,0,0,0,0,0,0,0,0,50.954000,0.000000,51.011000
405,1413393906.255760,0,0,0,0,0,0,0,0,0,0,50.665000,0.000000,50.723000
406,1413393906.305760,0,0,0,0,0,0,0,0,0,0,50.880000,0.000000,50.937000
407,1413393906.355761,0,0,0,0,0,0,0,0,0,0,51.361000,0.000000,51.419000
408,1413393906.405761,0,0,0,0,0,0,0,0,0,0,52.048000,0.000000,52.105000
409,1413393906.455760,0,0,0,0,0,0,0,0,0,0,50.951000,0.000000,51.008000
410,1413393906.505760,0,0,0,0,0,0,0,0,0,0,51.640000,0.000000,51.697000
411,1413393906.555760,0,0,0,0,0,0,0,0,0,0,51.214000,0.000000,51.271000
412,1413393906.605761,0,0,0,0,0,0,0,0,0,0,51.503000,0.000000,51.562000
413,1413393906.655761,0,0,0,0,0,0,0,0,0,0,51.932000,0.000000,51.989000
414,1413393906.705760,0,0,0,0,0,0,0,0,0,0,51.196000,0.000000,51.253000
415,1413393906.755760,0,0,0,0,0,0,0,0,0,0,51.245000,0.000000,51.302000
416,1413393906.805760,0,0,0,0,0,0,0,0,0,0,51.714000,0.000000,51.771000
417,1413393906.855761,0,0,0,0,0,0,0,0,0,0,51.445000,0.000000,51.503000
418,1413393906.905761,0,0,0,0,0,0,0,0,0,0,51.286000,0.000000,51.343000
419,1413393906.955760,0,0,0,0,0,0,0,0,0,0,51.342000,0.000000,51.400000
420,1413393907.005760,0,0,0,0,0,0,0,0,0,0,51.536000,0.000000,51.593000
421,1413393907.055760,0,0,0,0,0,0,0,0,0,0,51.648000,0.000000,51.707000
422,1413393907.105761,0,0,0,0,0,0,0,0,0,0,51.133000,0.000000,51.193000
423,1413393907.155761,0,0,0,0,0,0,0,0,0,0,51.379000,0.000000,51.438000
424,1413393907.205760,0,0,0,0,0,0,0,0,0,0,51.280000,0.000000,51.337000
425,1413393907.255760,0,0,0,0,0,0,0,0,0,0,51.675000,0.000000,51.733000
426,1413393907.305760,0,0,0,0,0,0,0,0,0,0,51.772000,0.000000,51.829000
427,1413393907.355761,0,0,0,0,0,0,0,0,0,0,51.242000,0.000000,51.301000
428,1413393907.405761,0,0,0,0,0,0,0,0,0,0,51.661000,0.000000,51.718000
429,1413393907.455760,0,0,0,0,0,0,0,0,0,0,51.908000,0.000000,51.965000
430,1413393907.505760,0,0,0,0,0,0,0,0,0,0,51.492000,0.000000,51.550000
431,1413393907.555760,0,0,0,0,0,0,0,0,0,0,51.651000,0.000000,51.707000
432,1413393907.605761,0,0,0,0,0,0,0,0,0,0,52.416000,0.000000,52.474000
433,1413393907.655761,0,0,0,0,0,0,0,0,0,0,51.778000,0.000000,51.835000
434,1413393907.705760,0,0,0,0,0,0,0,0,0,0,51.567000,0.000000,51.625000
435,1413393907.755760,0,0,0,0,0,0,0,0,0,0,52.294000,0.000000,52.351000
436,1413393907.805760,0,0,0,0,0,0,0,0,0,0,51.108000,0.000000,51.167000
437,1413393907.855761,0,0,0,0,0,0,0,0,0,0,51.301000,0.000000,51.360000
438,1413393907.905761,0,0,0,0,0,0,0,0,0,0,51.440000,0.000000,51.497000
439,1413393907.955760,0,0,0,0,0,0,0,0,0,0,52.007000,0.000000,52.066000
440,1413393908.005760,0,0,0,0,0,0,0,0,0,0,51.364000,0.000000,51.421000
441,1413393908.055760,0,0,0,0,0,0,0,0,0,0,52.524000,0.000000,52.584000
442,1413393908.105761,0,0,0,0,0,0,0,0,0,0,51.519000,0.000000,51.575000
443,1413393908.155761,0,0,0,0,0,0,0,0,0,0,51.796000,0.000000,51.853000
444,1413393908.205760,0,0,0,0,0,0,0,0,0,0,51.347000,0.000000,51.405000
445,1413393908.255760,0,0,0,0,0,0,0,0,0,0,52.107000,0.000000,52.164000
446,1413393908.305760,0,0,0,0,0,0,0,0,0,0,51.259000,0.000000,51.319000
447,1413393908.355761,0,0,0,0,0,0,0,0,0,0,52.261000,0.000000,52.320000
448,1413393908.405761,0,0,0,0,0,0,0,0,0,0,52.209000,0.000000,52.267000
449,1413393908.455760,0,0,0,0,0,0,0,0,0,0,52.449000,0.000000,52.508000
450,1413393908.505760,0,0,0,0,0,0,0,0,0,0,51.798000,0.000000,51.854000
451,1413393908.555760,0,0,0,0,0,0,0,0,0,0,51.333000,0.000000,51.390000
452,1413393908.605761,0,0,0,0,0,0,0,0,0,0,51.769000,0.000000,51.827000
453,1413393908.655761,0,0,0,0,0,0,0,0,0,0,51.366000,0.000000,51.424000
454,1413393908.705760,0,0,0,0,0,0,0,0,0,0,51.747000,0.000000,51.804000
455,1413393908.755760,0,0,0,0,0,0,0,0,0,0,51.974000,0.000000,52.031000
456,1413393908.805760,0,0,0,0,0,0,0,0,0,0,51.359000,0.000000,51.418000
457,1413393908.855761,0,0,0,0,0,0,0,0,0,0,52.027000,0.000000,52.085000
458,1413393908.905761,0,0,0,0,0,0,0,0,0,0,51.571000,0.000000,51.632000
459,1413393908.955760,0,0,0,0,0,0,0,0,0,0,51.911000,0.000000,51.970000
460,1413393909.005760,0,0,0,0,0,0,0,0,0,0,51.306000,0.000000,51.362000
461,1413393909.055760,0,0,0,0,0,0,0,0,0,0,51.088000,0.000000,51.145000
462,1413393909.105761,0,0,0,0,0,0,0,0,0,0,51.610000,0.000000,51.668000
463,1413393909.155761,0,0,0,0,0,0,0,0,0,0,51.632000,0.000000,51.690000
464,1413393909.205760,0,0,0,0,0,0,0,0,0,0,51.063000,0.000000,51.121000
465,1413393909.255760,0,0,0,0,0,0,0,0,0,0,51.110000,0.000000,51.166000
466,1413393909.305760,0,0,0,0,0,0,0,0,0,0,51.027000,0.000000,51.083000
467,1413393909.355761,0,0,0,0,0,0,0,0,0,0,51.058000,0.000000,51.115000
468,1413393909.405761,0,0,0,0,0,0,0,0,0,0,51.243000,0.000000,51.299000
469,1413393909.455760,0,0,0,0,0,0,0,0,0,0,51.130000,0.000000,51.188000
470,1413393909.505760,0,0,0,0,0,0,0,0,0,0,51.284000,0.000000,51.340000
471,1413393909.555760,0,0,0,0,0,0,0,0,0,0,51.836000,0.000000,51.896000
472,1413393909.605761,0,0,0,0,0,0,0,0,0,0,51.095000,0.000000,51.153000
473,1413393909.655761,0,0,0,0,0,0,0,0,0,0,52.243000,0.000000,52.303000
474,1413393909.705760,0,0,0,0,0,0,0,0,0,0,51.684000,0.000000,51.741000
475,1413393909.755760,0,0,0,0,0,0,0,0,0,0,51.451000,0.000000,51.508000
476,1413393909.805760,0,0,0,0,0,0,0,0,0,0,51.820000,0.000000,51.877000
477,1413393909.855761,0,0,0,0,0,0,0,0,0,0,51.273000,0.000000,51.331000
478,1413393909.905761,0,0,0,0,0,0,0,0,0,0,51.560000,0.000000,51.617000
479,1413393909.955760,0,0,0,0,0,0,0,0,0,0,51.604000,0.000000,51.662000
480,1413393910.005760,0,0,0,0,0,0,0,0,0,0,51.784000,0.000000,51.842000
481,1413393910.055760,0,0,0,0,0,0,0,0,0,0,51.398000,0.000000,51.456000
482,1413393910.105761,0,0,0,0,0,0,0,0,0,0,51.867000,0.000000,51.924000
483,1413393910.155761,0,0,0,0,0,0,0,0,0,0,51.647000,0.000000,51.706000
484,1413393910.205760,0,0,0,0,0,0,0,0,0,0,51.480000,0.000000,51.537000
485,1413393910.255760,0,0,0,0,0,0,0,0,0,0,52.400000,0.000000,52.458000
486,1413393910.305760,0,0,0,0,0,0,0,0,0,0,52.741000,0.000000,52.797000
487,1413393910.355761,0,0,0,0,0,0,0,0,0,0,52.955000,0.000000,53.013000
488,1413393910.405761,0,0,0,0,0,0,0,0,0,0,52.667000,0.000000,52.724000
489,1413393910.455760,0,0,0,0,0,0,0,0,0,0,52.720000,0.000000,52.776000
490,1413393910.505760,0,0,0,0,0,0,0,0,0,0,52.226000,0.000000,52.283000
491,1413393910.555760,0,0,0,0,0,0,0,0,0,0,52.851000,0.000000,52.908000
492,1413393910.605761,0,0,0,0,0,0,0,0,0,0,52.347000,0.000000,52.403000
493,1413393910.655761,0,0,0,0,0,0,0,0,0,0,52.814000,0.000000,52.872000
494,1413393910.705760,0,0,0,0,0,0,0,0,0,0,51.872000,0.000000,51.928000
495,1413393910.755760,0,0,0,0,0,0,0,0,0,0,51.427000,0.000000,51.488000
496,1413393910.805760,0,0,0,0,0,0,0,0,0,0,51.641000,0.000000,51.699000
497,1413393910.855761,0,0,0,0,0,0,0,0,0,0,51.902000,0.000000,51.961000
498,1413393910.905761,0,0,0,0,0,0,0,0,0,0,52.477000,0.000000,52.534000
499,1413393910.955760,0,0,0,0,0,0,0,0,0,0,51.699000,0.000000,51.758000
500,1413393911.005760,0,0,0,0,0,0,0,0,0,0,51.360000,0.000000,51.420000
501,1413393911.055760,0,0,0,0,0,0,0,0,0,0,51.744000,0.000000,51.801000
502,1413393911.105761,0,0,0,0,0,0,0,0,0,0,51.675000,0.000000,51.731000
503,1413393911.155761,0,0,0,0,0,0,0,0,0,0,52.280000,0.000000,52.338000
504,1413393911.205760,0,0,0,0,0,0,0,0,0,0,51.840000,0.000000,51.898000
505,1413393911.255760,0,0,0,0,0,0,0,0,0,0,51.288000,0.000000,51.347000
506,1413393911.305760,0,0,0,0,0,0,0,0,0,0,52.851000,0.000000,52.909000
507,1413393911.355761,0,0,0,0,0,0,0,0,0,0,51.334000,0.000000,51.392000
508,1413393911.405761,0,0,0,0,0,0,0,0,0,0,51.547000,0.000000,51.605000
509,1413393911.455760,0,0,0,0,0,0,0,0,0,0,52.182000,0.000000,52.244000
510,1413393911.505760,0,0,0,0,0,0,0,0,0,0,51.726000,0.000000,51.783000
511,1413393911.555760,0,0,0,0,0,0,0,0,0,0,51.763000,0.000000,51.822000
512,1413393911.605761,0,0,0,0,0,0,0,0,0,0,51.796000,0.000000,51.854000
513,1413393911.655761,0,0,0,0,0,0,0,0,0,0,52.703000,0.000000,52.762000
514,1413393911.705760,0,0,0,0,0,0,0,0,0,0,51.743000,0.000000,51.800000
515,1413393911.755760,0,0,0,0,0,0,0,0,0,0,52.864000,0.000000,52.921000
516,1413393911.805760,0,0,0,0,0,0,0,0,0,0,51.931000,0.000000,51.987000
517,1413393911.855761,0,0,0,0,0,0,0,0,0,0,52.605000,0.000000,52.663000
518,1413393911.905761,0,0,0,0,0,0,0,0,0,0,52.032000,0.000000,52.092000
519,1413393911.955760,0,0,0,0,0,0,0,0,0,0,51.683000,0.000000,51.742000
520,1413393912.005760,0,0,0,0,0,0,0,0,0,0,52.885000,0.000000,52.943000
521,1413393912.055760,0,0,0,0,0,0,0,0,0,0,52.653000,0.000000,52.711000
522,1413393912.105761,0,0,0,0,0,0,0,0,0,0,52.506000,0.000000,52.563000
523,1413393912.155761,0,0,0,0,0,0,0,0,0,0,51.924000,0.000000,51.981000
524,1413393912.205760,0,0,0,0,0,0,0,0,0,0,52.330000,0.000000,52.388000
525,1413393912.255760,0,0,0,0,0,0,0,0,0,0,51.961000,0.000000,52.020000
526,1413393912.305760,0,0,0,0,0,0,0,0,0,0,52.026000,0.000000,52.083000
527,1413393912.355761,0,0,0,0,0,0,0,0,0,0,51.375000,0.000000,51.433000
528,1413393912.405761,0,0,0,0,0,0,0,0,0,0,51.044000,0.000000,51.104000
529,1413393912.455760,0,0,0,0,0,0,0,0,0,0,50.903000,0.000000,50.959000
530,1413393912.505760,0,0,0,0,0,0,0,0,0,0,51.465000,0.000000,51.532000
531,1413393912.555760,0,0,0,0,0,0,0,0,0,0,52.006000,0.000000,52.064000
532,1413393912.605761,0,0,0,0,0,0,0,0,0,0,51.320000,0.000000,51.377000
533,1413393912.655761,0,0,0,0,0,0,0,0,0,0,51.567000,0.000000,51.628000
534,1413393912.705760,0,0,0,0,0,0,0,0,0,0,52.105000,0.000000,52.164000
535,1413393912.755760,0,0,0,0,0,0,0,0,0,0,51.282000,0.000000,51.338000
536,1413393912.805760,0,0,0,0,0,0,0,0,0,0,52.015000,0.000000,52.073000
537,1413393912.855761,0,0,0,0,0,0,0,0,0,0,52.190000,0.000000,52.249000
538,1413393912.905761,0,0,0,0,0,0,0,0,0,0,51.801000,0.000000,51.859000
539,1413393912.955760,0,0,0,0,0,0,0,0,0,0,52.126000,0.000000,52.185000
540,1413393913.005760,0,0,0,0,0,0,0,0,0,0,51.543000,0.000000,51.601000
541,1413393913.055760,0,0,0,0,0,0,0,0,0,0,52.201000,0.000000,52.258000
542,1413393913.105761,0,0,0,0,0,0,0,0,0,0,52.048000,0.000000,52.108000
543,1413393913.155761,0,0,0,0,0,0,0,0,0,0,51.546000,0.000000,51.603000
544,1413393913.205760,0,0,0,0,0,0,0,0,0,0,51.501000,0.000000,51.559000
545,1413393913.255760,0,0,0,0,0,0,0,0,0,0,51.419000,0.000000,51.476000
546,1413393913.305760,0,0,0,0,0,0,0,0,0,0,51.849000,0.000000,51.906000
547,1413393913.355761,0,0,0,0,0,0,0,0,0,0,51.556000,0.000000,51.615000
548,1413393913.405761,0,0,0,0,0,0,0,0,0,0,51.856000,0.000000,51.913000
549,1413393913.455760,0,0,0,0,0,0,0,0,0,0,51.730000,0.000000,51.789000
550,1413393913.505760,0,0,0,0,0,0,0,0,0,0,51.938000,0.000000,51.996000
551,1413393913.555760,0,0,0,0,0,0,0,0,0,0,51.365000,0.000000,51.422000
552,1413393913.605761,0,0,0,0,0,0,0,0,0,0,51.450000,0.000000,51.508000
553,1413393913.655761,0,0,0,0,0,0,0,0,0,0,51.018000,0.000000,51.073000
554,1413393913.705760,0,0,0,0,0,0,0,0,0,0,50.901000,0.000000,50.957000
555,1413393913.755760,0,0,0,0,0,0,0,0,0,0,51.274000,0.000000,51.333000
556,1413393913.805760,0,0,0,0,0,0,0,0,0,0,51.466000,0.000000,51.534000
557,1413393913.855761,0,0,0,0,0,0,0,0,0,0,51.153000,0.000000,51.211000
558,1413393913.905761,0,0,0,0,0,0,0,0,0,0,51.727000,0.000000,51.784000
559,1413393913.955760,0,0,0,0,0,0,0,0,0,0,52.001000,0.000000,52.059000
560,1413393914.005760,0,0,0,0,0,0,0,0,0,0,51.966000,0.000000,52.022000
